(
(2.500000e-04 6.122620e-01)
(7.500000e-04 6.122360e-01)
(1.250000e-03 6.122120e-01)
(1.750000e-03 6.121870e-01)
(2.250000e-03 6.121620e-01)
(2.750000e-03 6.121360e-01)
(3.250000e-03 6.121100e-01)
(3.750000e-03 6.120840e-01)
(4.250000e-03 6.120580e-01)
(4.750000e-03 6.120320e-01)
(5.250000e-03 6.120050e-01)
(5.750000e-03 6.119780e-01)
(6.250000e-03 6.119520e-01)
(6.750000e-03 6.119230e-01)
(7.250000e-03 6.118960e-01)
(7.750000e-03 6.118690e-01)
(8.250000e-03 6.118410e-01)
(8.750000e-03 6.118130e-01)
(9.250000e-03 6.117850e-01)
(9.750000e-03 6.117570e-01)
(1.025000e-02 6.117280e-01)
(1.075000e-02 6.116990e-01)
(1.125000e-02 6.116700e-01)
(1.175000e-02 6.116410e-01)
(1.225000e-02 6.116120e-01)
(1.275000e-02 6.115820e-01)
(1.325000e-02 6.115520e-01)
(1.375000e-02 6.115220e-01)
(1.425000e-02 6.114910e-01)
(1.475000e-02 6.114610e-01)
(1.525000e-02 6.114300e-01)
(1.575000e-02 6.113990e-01)
(1.625000e-02 6.113660e-01)
(1.675000e-02 6.113350e-01)
(1.725000e-02 6.113030e-01)
(1.775000e-02 6.112700e-01)
(1.825000e-02 6.112380e-01)
(1.875000e-02 6.112050e-01)
(1.925000e-02 6.111720e-01)
(1.975000e-02 6.111380e-01)
(2.025000e-02 6.111040e-01)
(2.075000e-02 6.110700e-01)
(2.125000e-02 6.110360e-01)
(2.175000e-02 6.110010e-01)
(2.225000e-02 6.109660e-01)
(2.275000e-02 6.109310e-01)
(2.325000e-02 6.108970e-01)
(2.375000e-02 6.108620e-01)
(2.425000e-02 6.108260e-01)
(2.475000e-02 6.107900e-01)
(2.525000e-02 6.107530e-01)
(2.575000e-02 6.107140e-01)
(2.625000e-02 6.106730e-01)
(2.675000e-02 6.106300e-01)
(2.725000e-02 6.105850e-01)
(2.775000e-02 6.105420e-01)
(2.825000e-02 6.105010e-01)
(2.875000e-02 6.104670e-01)
(2.925000e-02 6.104380e-01)
(2.975000e-02 6.104150e-01)
(3.025000e-02 6.103950e-01)
(3.075000e-02 6.103770e-01)
(3.125000e-02 6.103600e-01)
(3.175000e-02 6.103430e-01)
(3.225000e-02 6.103250e-01)
(3.275000e-02 6.103080e-01)
(3.325000e-02 6.102910e-01)
(3.375000e-02 6.102730e-01)
(3.425000e-02 6.102550e-01)
(3.475000e-02 6.102380e-01)
(3.525000e-02 6.102210e-01)
(3.575000e-02 6.102030e-01)
(3.625000e-02 6.101860e-01)
(3.675000e-02 6.101680e-01)
(3.725000e-02 6.101500e-01)
(3.775000e-02 6.101330e-01)
(3.825000e-02 6.101150e-01)
(3.875000e-02 6.100980e-01)
(3.925000e-02 6.100800e-01)
(3.975000e-02 6.100630e-01)
(4.025000e-02 6.100450e-01)
(4.075000e-02 6.100270e-01)
(4.125000e-02 6.100100e-01)
(4.175000e-02 6.099920e-01)
(4.225000e-02 6.099750e-01)
(4.275000e-02 6.099560e-01)
(4.325000e-02 6.099390e-01)
(4.375000e-02 6.099220e-01)
(4.425000e-02 6.099030e-01)
(4.475000e-02 6.098860e-01)
(4.525000e-02 6.098680e-01)
(4.575000e-02 6.098510e-01)
(4.625000e-02 6.098320e-01)
(4.675000e-02 6.098140e-01)
(4.725000e-02 6.097970e-01)
(4.775000e-02 6.097780e-01)
(4.825000e-02 6.097600e-01)
(4.875000e-02 6.097430e-01)
(4.925000e-02 6.097230e-01)
(4.975000e-02 6.097060e-01)
(5.025000e-02 6.096880e-01)
(5.075000e-02 6.096690e-01)
(5.125000e-02 6.096490e-01)
(5.175000e-02 6.096300e-01)
(5.225000e-02 6.096110e-01)
(5.275000e-02 6.095910e-01)
(5.325000e-02 6.095700e-01)
(5.375000e-02 6.095490e-01)
(5.425000e-02 6.095270e-01)
(5.475000e-02 6.095030e-01)
(5.525000e-02 6.094780e-01)
(5.575000e-02 6.094510e-01)
(5.625000e-02 6.094220e-01)
(5.675000e-02 6.093880e-01)
(5.725000e-02 6.093510e-01)
(5.775000e-02 6.093090e-01)
(5.825000e-02 6.092600e-01)
(5.875000e-02 6.092030e-01)
(5.925000e-02 6.091330e-01)
(5.975000e-02 6.090500e-01)
(6.025000e-02 6.089490e-01)
(6.075000e-02 6.088250e-01)
(6.125000e-02 6.086720e-01)
(6.175000e-02 6.084780e-01)
(6.225000e-02 6.082330e-01)
(6.275000e-02 6.079200e-01)
(6.325000e-02 6.075160e-01)
(6.375000e-02 6.069960e-01)
(6.425000e-02 6.063230e-01)
(6.475000e-02 6.054410e-01)
(6.525000e-02 6.042800e-01)
(6.575000e-02 6.033670e-01)
(6.625000e-02 6.033270e-01)
(6.675000e-02 6.034730e-01)
(6.725000e-02 6.033000e-01)
(6.775000e-02 6.029170e-01)
(6.825000e-02 6.026090e-01)
(6.875000e-02 6.023340e-01)
(6.925000e-02 6.020120e-01)
(6.975000e-02 6.016460e-01)
(7.025000e-02 6.012510e-01)
(7.075000e-02 6.008240e-01)
(7.125000e-02 6.003450e-01)
(7.175000e-02 5.997690e-01)
(7.225000e-02 5.990530e-01)
(7.275000e-02 5.982760e-01)
(7.325000e-02 5.974780e-01)
(7.375000e-02 5.960330e-01)
(7.425000e-02 5.929620e-01)
(7.475000e-02 5.889590e-01)
(7.525000e-02 1.351440e-01)
(7.575000e-02 6.820920e-03)
(7.625000e-02 7.798540e-04)
(7.675000e-02 1.304420e-04)
(7.725000e-02 4.013950e-05)
(7.775000e-02 7.791590e-06)
(7.825000e-02 5.474730e-06)
(7.875000e-02 3.823080e-07)
(7.925000e-02 8.722680e-13)
(7.975000e-02 1.102730e-25)
(8.025000e-02 4.741910e-37)
(8.075000e-02 1.067910e-48)
(8.125000e-02 1.869640e-60)
(8.175000e-02 2.954320e-72)
(8.225000e-02 4.226230e-84)
(8.275000e-02 4.787070e-96)
(8.325000e-02 6.059760e-108)
(8.375000e-02 8.107900e-112)
(8.425000e-02 4.754620e-122)
(8.475000e-02 3.645220e-126)
(8.525000e-02 4.852900e-128)
(8.575000e-02 5.826380e-130)
(8.625000e-02 6.894010e-132)
(8.675000e-02 6.108550e-134)
(8.725000e-02 4.002580e-136)
(8.775000e-02 2.334380e-146)
(8.825000e-02 6.503190e-157)
(8.875000e-02 1.316150e-167)
(8.925000e-02 2.028800e-178)
(8.975000e-02 2.829810e-189)
(9.025000e-02 4.967400e-192)
(9.075000e-02 6.254710e-194)
(9.125000e-02 7.524860e-196)
(9.175000e-02 6.801580e-198)
(9.225000e-02 4.493000e-200)
(9.275000e-02 2.913630e-210)
(9.325000e-02 9.491520e-221)
(9.375000e-02 2.112450e-231)
(9.425000e-02 3.596070e-242)
(9.475000e-02 4.842370e-253)
(9.525000e-02 5.898050e-264)
(9.575000e-02 5.668710e-275)
(9.625000e-02 5.084600e-286)
(9.675000e-02 4.074120e-297)
(9.725000e-02 2.714250e-308)
(9.775000e-02 5.130279e-319)
(9.825000e-02 3.316761e-319)
(9.875000e-02 3.198087e-319)
(9.925000e-02 3.141121e-319)
(9.975000e-02 3.206684e-319)
(1.002500e-01 3.168690e-319)
(1.007500e-01 3.148829e-319)
(1.012500e-01 3.219875e-319)
(1.017500e-01 3.244134e-319)
(1.022500e-01 3.189342e-319)
(1.027500e-01 3.142603e-319)
(1.032500e-01 3.184006e-319)
(1.037500e-01 3.226990e-319)
(1.042500e-01 3.184895e-319)
(1.047500e-01 3.144382e-319)
(1.052500e-01 3.178769e-319)
(1.057500e-01 3.181091e-319)
(1.062500e-01 3.204460e-319)
(1.067500e-01 3.021557e-319)
(1.072500e-01 2.574625e-319)
(1.077500e-01 2.434854e-319)
(1.082500e-01 2.378234e-319)
(1.087500e-01 2.328630e-319)
(1.092500e-01 2.385201e-319)
(1.097500e-01 2.380013e-319)
(1.102500e-01 2.468500e-319)
(1.107500e-01 2.426356e-319)
(1.112500e-01 2.465684e-319)
(1.117500e-01 2.545723e-319)
(1.122500e-01 2.558025e-319)
(1.127500e-01 2.560792e-319)
(1.132500e-01 2.976449e-319)
(1.137500e-01 3.251742e-319)
(1.142500e-01 3.349073e-319)
(1.147500e-01 3.329410e-319)
(1.152500e-01 3.254806e-319)
(1.157500e-01 3.249717e-319)
(1.162500e-01 3.235685e-319)
(1.167500e-01 3.168641e-319)
(1.172500e-01 3.230102e-319)
(1.177500e-01 3.267009e-319)
(1.182500e-01 3.284697e-319)
(1.187500e-01 3.215824e-319)
(1.192500e-01 3.156338e-319)
(1.197500e-01 3.143937e-319)
(1.202500e-01 3.141072e-319)
(1.207500e-01 3.158463e-319)
(1.212500e-01 3.147297e-319)
(1.217500e-01 3.146951e-319)
(1.222500e-01 3.288353e-319)
(1.227500e-01 3.314983e-319)
(1.232500e-01 3.350704e-319)
(1.237500e-01 3.368243e-319)
(1.242500e-01 3.454655e-319)
(1.247500e-01 3.453766e-319)
(1.252500e-01 3.328817e-319)
(1.257500e-01 3.168591e-319)
(1.262500e-01 3.205992e-319)
(1.267500e-01 3.143196e-319)
(1.272500e-01 3.166220e-319)
(1.277500e-01 2.878278e-319)
(1.282500e-01 2.415882e-319)
(1.287500e-01 2.338857e-319)
(1.292500e-01 2.449281e-319)
(1.297500e-01 2.459607e-319)
(1.302500e-01 2.452295e-319)
(1.307500e-01 2.949671e-319)
(1.312500e-01 2.963406e-319)
(1.317500e-01 2.486879e-319)
(1.322500e-01 2.286684e-319)
(1.327500e-01 2.197950e-319)
(1.332500e-01 2.281002e-319)
(1.337500e-01 2.336585e-319)
(1.342500e-01 2.229570e-319)
(1.347500e-01 2.243849e-319)
(1.352500e-01 2.190984e-319)
(1.357500e-01 2.178632e-319)
(1.362500e-01 2.053386e-319)
(1.367500e-01 2.019296e-319)
(1.372500e-01 1.653885e-319)
(1.377500e-01 1.553985e-319)
(1.382500e-01 1.582542e-319)
(1.387500e-01 1.600773e-319)
(1.392500e-01 1.700920e-319)
(1.397500e-01 1.680713e-319)
(1.402500e-01 1.557394e-319)
(1.407500e-01 1.721226e-319)
(1.412500e-01 1.548748e-319)
(1.417500e-01 1.659567e-319)
(1.422500e-01 1.656454e-319)
(1.427500e-01 1.205174e-319)
(1.432500e-01 7.834399e-320)
(1.437500e-01 7.646654e-320)
(1.442500e-01 6.922848e-320)
(1.447500e-01 6.701012e-320)
(1.452500e-01 6.842809e-320)
(1.457500e-01 6.566626e-320)
(1.462500e-01 6.430264e-320)
(1.467500e-01 5.770193e-320)
(1.472500e-01 4.596293e-320)
(1.477500e-01 2.462423e-320)
(1.482500e-01 1.182299e-320)
(1.487500e-01 0.000000e+00)
(1.492500e-01 4.881369e-321)
(1.497500e-01 1.121529e-321)
(1.502520e-01 6.907038e-321)
(1.507630e-01 1.047419e-321)
(1.512860e-01 9.347722e-321)
(1.518210e-01 7.292409e-321)
(1.523700e-01 1.065206e-320)
(1.529310e-01 7.490035e-321)
(1.535070e-01 5.711399e-321)
(1.540960e-01 8.122439e-321)
(1.546990e-01 2.438214e-320)
(1.553170e-01 1.569152e-320)
(1.559500e-01 6.116533e-321)
(1.565990e-01 5.760805e-321)
(1.572630e-01 7.707424e-321)
(1.579430e-01 9.387247e-322)
(1.586390e-01 2.786530e-321)
(1.593530e-01 7.460391e-322)
(1.600830e-01 9.446535e-321)
(1.608320e-01 1.531604e-321)
(1.615980e-01 4.866547e-321)
(1.623830e-01 1.223801e-320)
(1.631870e-01 2.475269e-321)
(1.640100e-01 0.000000e+00)
(1.648540e-01 2.223295e-321)
(1.657170e-01 3.073088e-321)
(1.666020e-01 7.830940e-321)
(1.675080e-01 1.123505e-320)
(1.684360e-01 5.182749e-321)
(1.693860e-01 7.322053e-321)
(1.703600e-01 3.833949e-321)
(1.713570e-01 7.129367e-321)
(1.723780e-01 1.867568e-321)
(1.734230e-01 0.000000e+00)
(1.744940e-01 1.783577e-321)
(1.755910e-01 4.525641e-321)
(1.767150e-01 6.205465e-321)
(1.778650e-01 8.206430e-321)
(1.790440e-01 3.675848e-321)
(1.802510e-01 4.743030e-322)
(1.814870e-01 3.008860e-321)
(1.827530e-01 5.365553e-321)
(1.840490e-01 2.865581e-321)
(1.853780e-01 2.895225e-321)
(1.867380e-01 1.482197e-323)
(1.881310e-01 0.000000e+00)
(1.895580e-01 0.000000e+00)
(1.910190e-01 0.000000e+00)
(1.925150e-01 0.000000e+00)
(1.940480e-01 0.000000e+00)
(1.956180e-01 0.000000e+00)
(1.972260e-01 0.000000e+00)
(1.988730e-01 0.000000e+00)
(2.005590e-01 0.000000e+00)
(2.022870e-01 0.000000e+00)
(2.040560e-01 0.000000e+00)
(2.058680e-01 0.000000e+00)
(2.077240e-01 0.000000e+00)
(2.096250e-01 0.000000e+00)
(2.115710e-01 0.000000e+00)
(2.135650e-01 0.000000e+00)
(2.156070e-01 0.000000e+00)
(2.176990e-01 0.000000e+00)
(2.198410e-01 0.000000e+00)
(2.220340e-01 0.000000e+00)
(2.242810e-01 0.000000e+00)
(2.265830e-01 0.000000e+00)
(2.289390e-01 0.000000e+00)
(2.313530e-01 0.000000e+00)
(2.338260e-01 0.000000e+00)
(2.363580e-01 0.000000e+00)
(2.389510e-01 0.000000e+00)
(2.416070e-01 0.000000e+00)
(2.443280e-01 0.000000e+00)
(2.471140e-01 0.000000e+00)
(2.499670e-01 0.000000e+00)
(2.528900e-01 0.000000e+00)
(2.558830e-01 0.000000e+00)
(2.589490e-01 0.000000e+00)
(2.620890e-01 0.000000e+00)
(2.653040e-01 0.000000e+00)
(2.685980e-01 0.000000e+00)
(2.719710e-01 0.000000e+00)
(2.754260e-01 0.000000e+00)
(2.789640e-01 0.000000e+00)
(2.825880e-01 0.000000e+00)
(2.863000e-01 0.000000e+00)
(2.901010e-01 0.000000e+00)
(2.939950e-01 0.000000e+00)
(2.979820e-01 0.000000e+00)
(3.020000e-01 0.000000e+00)
(3.060000e-01 0.000000e+00)
(3.100000e-01 0.000000e+00)
(3.140000e-01 0.000000e+00)
(3.180000e-01 0.000000e+00)
(3.220000e-01 0.000000e+00)
(3.260000e-01 0.000000e+00)
(3.300000e-01 0.000000e+00)
(3.340000e-01 0.000000e+00)
(3.380000e-01 0.000000e+00)
(3.420000e-01 0.000000e+00)
(3.460000e-01 0.000000e+00)
(3.500000e-01 0.000000e+00)
(3.540000e-01 0.000000e+00)
(3.580000e-01 0.000000e+00)
(3.620000e-01 0.000000e+00)
(3.660000e-01 0.000000e+00)
(3.700000e-01 0.000000e+00)
(3.740000e-01 0.000000e+00)
(3.780000e-01 0.000000e+00)
(3.820000e-01 0.000000e+00)
(3.860000e-01 0.000000e+00)
(3.900000e-01 0.000000e+00)
(3.940000e-01 0.000000e+00)
(3.980000e-01 0.000000e+00)
(4.020000e-01 0.000000e+00)
(4.060000e-01 0.000000e+00)
(4.100000e-01 0.000000e+00)
(4.140000e-01 0.000000e+00)
(4.180000e-01 0.000000e+00)
(4.220000e-01 0.000000e+00)
(4.260000e-01 0.000000e+00)
(4.300000e-01 0.000000e+00)
(4.340000e-01 0.000000e+00)
(4.380000e-01 0.000000e+00)
(4.420000e-01 0.000000e+00)
(4.460000e-01 0.000000e+00)
(4.500000e-01 0.000000e+00)
(4.540000e-01 0.000000e+00)
(4.580000e-01 0.000000e+00)
(4.620000e-01 0.000000e+00)
(4.660000e-01 0.000000e+00)
(4.700000e-01 0.000000e+00)
(4.740000e-01 0.000000e+00)
(4.780000e-01 0.000000e+00)
(4.820000e-01 0.000000e+00)
(4.860000e-01 0.000000e+00)
(4.900000e-01 0.000000e+00)
(4.940000e-01 0.000000e+00)
(4.980000e-01 0.000000e+00)
)
