(
(2.500000e-04 1.000000e-10)
(7.500000e-04 1.000000e-10)
(1.250000e-03 1.000000e-10)
(1.750000e-03 1.000000e-10)
(2.250000e-03 1.000000e-10)
(2.750000e-03 1.000000e-10)
(3.250000e-03 1.000000e-10)
(3.750000e-03 1.000000e-10)
(4.250000e-03 1.000000e-10)
(4.750000e-03 1.000000e-10)
(5.250000e-03 1.000000e-10)
(5.750000e-03 1.000000e-10)
(6.250000e-03 1.000000e-10)
(6.750000e-03 1.000000e-10)
(7.250000e-03 1.000000e-10)
(7.750000e-03 1.000000e-10)
(8.250000e-03 1.000000e-10)
(8.750000e-03 1.000000e-10)
(9.250000e-03 1.000000e-10)
(9.750000e-03 1.000000e-10)
(1.025000e-02 1.000000e-10)
(1.075000e-02 1.000000e-10)
(1.125000e-02 1.000000e-10)
(1.175000e-02 1.000000e-10)
(1.225000e-02 1.000000e-10)
(1.275000e-02 1.000000e-10)
(1.325000e-02 1.000000e-10)
(1.375000e-02 1.000000e-10)
(1.425000e-02 1.000000e-10)
(1.475000e-02 1.000000e-10)
(1.525000e-02 1.000000e-10)
(1.575000e-02 1.000000e-10)
(1.625000e-02 1.000000e-10)
(1.675000e-02 1.000000e-10)
(1.725000e-02 1.000000e-10)
(1.775000e-02 1.000000e-10)
(1.825000e-02 1.000000e-10)
(1.875000e-02 1.000000e-10)
(1.925000e-02 1.000000e-10)
(1.975000e-02 1.000000e-10)
(2.025000e-02 1.000000e-10)
(2.075000e-02 1.000000e-10)
(2.125000e-02 1.000000e-10)
(2.175000e-02 1.000000e-10)
(2.225000e-02 1.000000e-10)
(2.275000e-02 1.000000e-10)
(2.325000e-02 1.000000e-10)
(2.375000e-02 1.000000e-10)
(2.425000e-02 1.000000e-10)
(2.475000e-02 1.000000e-10)
(2.525000e-02 1.000000e-10)
(2.575000e-02 1.000000e-10)
(2.625000e-02 1.000000e-10)
(2.675000e-02 1.000000e-10)
(2.725000e-02 1.000000e-10)
(2.775000e-02 1.000000e-10)
(2.825000e-02 1.000000e-10)
(2.875000e-02 1.000000e-10)
(2.925000e-02 1.000000e-10)
(2.975000e-02 1.000000e-10)
(3.025000e-02 1.000000e-10)
(3.075000e-02 1.000000e-10)
(3.125000e-02 1.000000e-10)
(3.175000e-02 1.000000e-10)
(3.225000e-02 1.000000e-10)
(3.275000e-02 1.000000e-10)
(3.325000e-02 1.000000e-10)
(3.375000e-02 1.000000e-10)
(3.425000e-02 1.000000e-10)
(3.475000e-02 1.000000e-10)
(3.525000e-02 1.000000e-10)
(3.575000e-02 1.000000e-10)
(3.625000e-02 1.000000e-10)
(3.675000e-02 1.000000e-10)
(3.725000e-02 1.000000e-10)
(3.775000e-02 1.000000e-10)
(3.825000e-02 1.000000e-10)
(3.875000e-02 1.000000e-10)
(3.925000e-02 1.000000e-10)
(3.975000e-02 1.000000e-10)
(4.025000e-02 1.000000e-10)
(4.075000e-02 1.000000e-10)
(4.125000e-02 1.000000e-10)
(4.175000e-02 1.000000e-10)
(4.225000e-02 1.000000e-10)
(4.275000e-02 1.000000e-10)
(4.325000e-02 1.000000e-10)
(4.375000e-02 1.000000e-10)
(4.425000e-02 1.000000e-10)
(4.475000e-02 1.000000e-10)
(4.525000e-02 1.000000e-10)
(4.575000e-02 1.000000e-10)
(4.625000e-02 1.000000e-10)
(4.675000e-02 1.000000e-10)
(4.725000e-02 1.000000e-10)
(4.775000e-02 1.000000e-10)
(4.825000e-02 1.000000e-10)
(4.875000e-02 1.000000e-10)
(4.925000e-02 1.000000e-10)
(4.975000e-02 1.000000e-10)
(5.025000e-02 1.000000e-10)
(5.075000e-02 1.000000e-10)
(5.125000e-02 1.000000e-10)
(5.175000e-02 1.000000e-10)
(5.225000e-02 1.000000e-10)
(5.275000e-02 1.000000e-10)
(5.325000e-02 1.000000e-10)
(5.375000e-02 1.000000e-10)
(5.425000e-02 1.000000e-10)
(5.475000e-02 1.000000e-10)
(5.525000e-02 1.000000e-10)
(5.575000e-02 1.000000e-10)
(5.625000e-02 1.000000e-10)
(5.675000e-02 1.000000e-10)
(5.725000e-02 1.000000e-10)
(5.775000e-02 1.000000e-10)
(5.825000e-02 1.000000e-10)
(5.875000e-02 1.000000e-10)
(5.925000e-02 1.000000e-10)
(5.975000e-02 1.000000e-10)
(6.025000e-02 1.000000e-10)
(6.075000e-02 1.000000e-10)
(6.125000e-02 1.000000e-10)
(6.175000e-02 1.000000e-10)
(6.225000e-02 1.000000e-10)
(6.275000e-02 1.000000e-10)
(6.325000e-02 1.000000e-10)
(6.375000e-02 1.000000e-10)
(6.425000e-02 1.000000e-10)
(6.475000e-02 1.000000e-10)
(6.525000e-02 1.000000e-10)
(6.575000e-02 1.000000e-10)
(6.625000e-02 1.000000e-10)
(6.675000e-02 1.000000e-10)
(6.725000e-02 1.000000e-10)
(6.775000e-02 1.000000e-10)
(6.825000e-02 1.000000e-10)
(6.875000e-02 1.000000e-10)
(6.925000e-02 1.000000e-10)
(6.975000e-02 1.000000e-10)
(7.025000e-02 1.000000e-10)
(7.075000e-02 1.000000e-10)
(7.125000e-02 1.000000e-10)
(7.175000e-02 1.000000e-10)
(7.225000e-02 1.000000e-10)
(7.275000e-02 1.000000e-10)
(7.325000e-02 2.603340e-10)
(7.375000e-02 1.023510e-08)
(7.425000e-02 5.028680e-07)
(7.475000e-02 3.042750e-05)
(7.525000e-02 1.886130e-03)
(7.575000e-02 5.362610e-03)
(7.625000e-02 3.215750e-03)
(7.675000e-02 2.589230e-03)
(7.725000e-02 2.425220e-03)
(7.775000e-02 2.431500e-03)
(7.825000e-02 2.511700e-03)
(7.875000e-02 2.624850e-03)
(7.925000e-02 2.749990e-03)
(7.975000e-02 2.875030e-03)
(8.025000e-02 2.992560e-03)
(8.075000e-02 3.097960e-03)
(8.125000e-02 3.188400e-03)
(8.175000e-02 3.262230e-03)
(8.225000e-02 3.318620e-03)
(8.275000e-02 3.357330e-03)
(8.325000e-02 3.378530e-03)
(8.375000e-02 3.382670e-03)
(8.425000e-02 3.370380e-03)
(8.475000e-02 3.342480e-03)
(8.525000e-02 3.299850e-03)
(8.575000e-02 3.243450e-03)
(8.625000e-02 3.174290e-03)
(8.675000e-02 3.093400e-03)
(8.725000e-02 3.001850e-03)
(8.775000e-02 2.900720e-03)
(8.825000e-02 2.791070e-03)
(8.875000e-02 2.674000e-03)
(8.925000e-02 2.550610e-03)
(8.975000e-02 2.421990e-03)
(9.025000e-02 2.289230e-03)
(9.075000e-02 2.153450e-03)
(9.125000e-02 2.015740e-03)
(9.175000e-02 1.877190e-03)
(9.225000e-02 1.738900e-03)
(9.275000e-02 1.601960e-03)
(9.325000e-02 1.467410e-03)
(9.375000e-02 1.336300e-03)
(9.425000e-02 1.209630e-03)
(9.475000e-02 1.088320e-03)
(9.525000e-02 9.732380e-04)
(9.575000e-02 8.651470e-04)
(9.625000e-02 7.646870e-04)
(9.675000e-02 6.723510e-04)
(9.725000e-02 5.884590e-04)
(9.775000e-02 5.131480e-04)
(9.825000e-02 4.463520e-04)
(9.875000e-02 3.878140e-04)
(9.925000e-02 3.370970e-04)
(9.975000e-02 2.936190e-04)
(1.002500e-01 2.566900e-04)
(1.007500e-01 2.255620e-04)
(1.012500e-01 1.994720e-04)
(1.017500e-01 1.776820e-04)
(1.022500e-01 1.595110e-04)
(1.027500e-01 1.443440e-04)
(1.032500e-01 1.316500e-04)
(1.037500e-01 1.209740e-04)
(1.042500e-01 1.119360e-04)
(1.047500e-01 1.042220e-04)
(1.052500e-01 9.757380e-05)
(1.057500e-01 9.178230e-05)
(1.062500e-01 8.667770e-05)
(1.067500e-01 8.212320e-05)
(1.072500e-01 7.800890e-05)
(1.077500e-01 7.424710e-05)
(1.082500e-01 7.076780e-05)
(1.087500e-01 6.751580e-05)
(1.092500e-01 6.444760e-05)
(1.097500e-01 6.152970e-05)
(1.102500e-01 5.873640e-05)
(1.107500e-01 5.604820e-05)
(1.112500e-01 5.345120e-05)
(1.117500e-01 5.093520e-05)
(1.122500e-01 4.849370e-05)
(1.127500e-01 4.612270e-05)
(1.132500e-01 4.382000e-05)
(1.137500e-01 4.158520e-05)
(1.142500e-01 3.941870e-05)
(1.147500e-01 3.732170e-05)
(1.152500e-01 3.529600e-05)
(1.157500e-01 3.334320e-05)
(1.162500e-01 3.146530e-05)
(1.167500e-01 2.966370e-05)
(1.172500e-01 2.793980e-05)
(1.177500e-01 2.629450e-05)
(1.182500e-01 2.472830e-05)
(1.187500e-01 2.324100e-05)
(1.192500e-01 2.183230e-05)
(1.197500e-01 2.050100e-05)
(1.202500e-01 1.924570e-05)
(1.207500e-01 1.806440e-05)
(1.212500e-01 1.695500e-05)
(1.217500e-01 1.591480e-05)
(1.222500e-01 1.494100e-05)
(1.227500e-01 1.403040e-05)
(1.232500e-01 1.317990e-05)
(1.237500e-01 1.238620e-05)
(1.242500e-01 1.164600e-05)
(1.247500e-01 1.095600e-05)
(1.252500e-01 1.031280e-05)
(1.257500e-01 9.713370e-06)
(1.262500e-01 9.154570e-06)
(1.267500e-01 8.633490e-06)
(1.272500e-01 8.147350e-06)
(1.277500e-01 7.693530e-06)
(1.282500e-01 7.269580e-06)
(1.287500e-01 6.873210e-06)
(1.292500e-01 6.502310e-06)
(1.297500e-01 6.154930e-06)
(1.302500e-01 5.829260e-06)
(1.307500e-01 5.523660e-06)
(1.312500e-01 5.236620e-06)
(1.317500e-01 4.966760e-06)
(1.322500e-01 4.712830e-06)
(1.327500e-01 4.473690e-06)
(1.332500e-01 4.248280e-06)
(1.337500e-01 4.035670e-06)
(1.342500e-01 3.834980e-06)
(1.347500e-01 3.645420e-06)
(1.352500e-01 3.466280e-06)
(1.357500e-01 3.296880e-06)
(1.362500e-01 3.136610e-06)
(1.367500e-01 2.984930e-06)
(1.372500e-01 2.841310e-06)
(1.377500e-01 2.705270e-06)
(1.382500e-01 2.576370e-06)
(1.387500e-01 2.454210e-06)
(1.392500e-01 2.338390e-06)
(1.397500e-01 2.228560e-06)
(1.402500e-01 2.124380e-06)
(1.407500e-01 2.025550e-06)
(1.412500e-01 1.931770e-06)
(1.417500e-01 1.842760e-06)
(1.422500e-01 1.758260e-06)
(1.427500e-01 1.678020e-06)
(1.432500e-01 1.601820e-06)
(1.437500e-01 1.529440e-06)
(1.442500e-01 1.460670e-06)
(1.447500e-01 1.395320e-06)
(1.452500e-01 1.333210e-06)
(1.457500e-01 1.274160e-06)
(1.462500e-01 1.218000e-06)
(1.467500e-01 1.164590e-06)
(1.472500e-01 1.113780e-06)
(1.477500e-01 1.065430e-06)
(1.482500e-01 1.019410e-06)
(1.487500e-01 9.755940e-07)
(1.492500e-01 9.338740e-07)
(1.497500e-01 8.941370e-07)
(1.502520e-01 8.561120e-07)
(1.507630e-01 8.192940e-07)
(1.512860e-01 7.834080e-07)
(1.518210e-01 7.484640e-07)
(1.523700e-01 7.144680e-07)
(1.529310e-01 6.814270e-07)
(1.535070e-01 6.493450e-07)
(1.540960e-01 6.182230e-07)
(1.546990e-01 5.880640e-07)
(1.553170e-01 5.588660e-07)
(1.559500e-01 5.306280e-07)
(1.565990e-01 5.033460e-07)
(1.572630e-01 4.770150e-07)
(1.579430e-01 4.516280e-07)
(1.586390e-01 4.271780e-07)
(1.593530e-01 4.036550e-07)
(1.600830e-01 3.810490e-07)
(1.608320e-01 3.593480e-07)
(1.615980e-01 3.385400e-07)
(1.623830e-01 3.186090e-07)
(1.631870e-01 2.995410e-07)
(1.640100e-01 2.813190e-07)
(1.648540e-01 2.639260e-07)
(1.657170e-01 2.473440e-07)
(1.666020e-01 2.315530e-07)
(1.675080e-01 2.165350e-07)
(1.684360e-01 2.022670e-07)
(1.693860e-01 1.887300e-07)
(1.703600e-01 1.759010e-07)
(1.713570e-01 1.637590e-07)
(1.723780e-01 1.522810e-07)
(1.734230e-01 1.414430e-07)
(1.744940e-01 1.312240e-07)
(1.755910e-01 1.216000e-07)
(1.767150e-01 1.125470e-07)
(1.778650e-01 1.040430e-07)
(1.790440e-01 9.606500e-08)
(1.802510e-01 8.858950e-08)
(1.814870e-01 8.159410e-08)
(1.827530e-01 7.505640e-08)
(1.840490e-01 6.895430e-08)
(1.853780e-01 6.326630e-08)
(1.867380e-01 5.797100e-08)
(1.881310e-01 5.304770e-08)
(1.895580e-01 4.847630e-08)
(1.910190e-01 4.423710e-08)
(1.925150e-01 4.031100e-08)
(1.940480e-01 3.667950e-08)
(1.956180e-01 3.332480e-08)
(1.972260e-01 3.022980e-08)
(1.988730e-01 2.737790e-08)
(2.005590e-01 2.475330e-08)
(2.022870e-01 2.234090e-08)
(2.040560e-01 2.012620e-08)
(2.058680e-01 1.809540e-08)
(2.077240e-01 1.623560e-08)
(2.096250e-01 1.453430e-08)
(2.115710e-01 1.297970e-08)
(2.135650e-01 1.156100e-08)
(2.156070e-01 1.026760e-08)
(2.176990e-01 9.089910e-09)
(2.198410e-01 8.018750e-09)
(2.220340e-01 7.045670e-09)
(2.242810e-01 6.162790e-09)
(2.265830e-01 5.362820e-09)
(2.289390e-01 4.639070e-09)
(2.313530e-01 3.985410e-09)
(2.338260e-01 3.396280e-09)
(2.363580e-01 2.866670e-09)
(2.389510e-01 2.392130e-09)
(2.416070e-01 1.968770e-09)
(2.443280e-01 1.593270e-09)
(2.471140e-01 1.262880e-09)
(2.499670e-01 9.754250e-10)
(2.528900e-01 7.292840e-10)
(2.558830e-01 5.233370e-10)
(2.589490e-01 3.567640e-10)
(2.620890e-01 2.285990e-10)
(2.653040e-01 1.368600e-10)
(2.685980e-01 1.000000e-10)
(2.719710e-01 1.000000e-10)
(2.754260e-01 1.000000e-10)
(2.789640e-01 1.000000e-10)
(2.825880e-01 1.000000e-10)
(2.863000e-01 1.000000e-10)
(2.901010e-01 1.000000e-10)
(2.939950e-01 1.000000e-10)
(2.979820e-01 1.000000e-10)
(3.020000e-01 1.000000e-10)
(3.060000e-01 1.000000e-10)
(3.100000e-01 1.000000e-10)
(3.140000e-01 1.000000e-10)
(3.180000e-01 1.000000e-10)
(3.220000e-01 1.000000e-10)
(3.260000e-01 1.000000e-10)
(3.300000e-01 1.000000e-10)
(3.340000e-01 1.000000e-10)
(3.380000e-01 1.000000e-10)
(3.420000e-01 1.000000e-10)
(3.460000e-01 1.000000e-10)
(3.500000e-01 1.000000e-10)
(3.540000e-01 1.000000e-10)
(3.580000e-01 1.000000e-10)
(3.620000e-01 1.000000e-10)
(3.660000e-01 1.000000e-10)
(3.700000e-01 1.000000e-10)
(3.740000e-01 1.000000e-10)
(3.780000e-01 1.000000e-10)
(3.820000e-01 1.000000e-10)
(3.860000e-01 1.000000e-10)
(3.900000e-01 1.000000e-10)
(3.940000e-01 1.000000e-10)
(3.980000e-01 1.000000e-10)
(4.020000e-01 1.000000e-10)
(4.060000e-01 1.000000e-10)
(4.100000e-01 1.000000e-10)
(4.140000e-01 1.000000e-10)
(4.180000e-01 1.000000e-10)
(4.220000e-01 1.000000e-10)
(4.260000e-01 1.000000e-10)
(4.300000e-01 1.000000e-10)
(4.340000e-01 1.000000e-10)
(4.380000e-01 1.000000e-10)
(4.420000e-01 1.000000e-10)
(4.460000e-01 1.000000e-10)
(4.500000e-01 1.000000e-10)
(4.540000e-01 1.000000e-10)
(4.580000e-01 1.000000e-10)
(4.620000e-01 1.000000e-10)
(4.660000e-01 1.000000e-10)
(4.700000e-01 1.000000e-10)
(4.740000e-01 1.000000e-10)
(4.780000e-01 1.000000e-10)
(4.820000e-01 1.000000e-10)
(4.860000e-01 1.000000e-10)
(4.900000e-01 1.000000e-10)
(4.940000e-01 1.000000e-10)
(4.980000e-01 1.000000e-10)
)
