(
(2.500000e-04 1.000000e-06)
(7.500000e-04 1.000000e-06)
(1.250000e-03 1.000000e-06)
(1.750000e-03 1.000000e-06)
(2.250000e-03 1.000000e-06)
(2.750000e-03 1.000000e-06)
(3.250000e-03 1.000000e-06)
(3.750000e-03 1.000000e-06)
(4.250000e-03 1.000000e-06)
(4.750000e-03 1.000000e-06)
(5.250000e-03 1.000000e-06)
(5.750000e-03 1.000000e-06)
(6.250000e-03 1.000000e-06)
(6.750000e-03 1.000000e-06)
(7.250000e-03 1.000000e-06)
(7.750000e-03 1.000000e-06)
(8.250000e-03 1.000000e-06)
(8.750000e-03 1.000000e-06)
(9.250000e-03 1.000000e-06)
(9.750000e-03 1.000000e-06)
(1.025000e-02 1.000000e-06)
(1.075000e-02 1.000000e-06)
(1.125000e-02 1.000000e-06)
(1.175000e-02 1.000000e-06)
(1.225000e-02 1.000000e-06)
(1.275000e-02 1.000000e-06)
(1.325000e-02 1.000000e-06)
(1.375000e-02 1.000000e-06)
(1.425000e-02 1.000000e-06)
(1.475000e-02 1.000000e-06)
(1.525000e-02 1.000000e-06)
(1.575000e-02 1.000000e-06)
(1.625000e-02 1.000000e-06)
(1.675000e-02 1.000000e-06)
(1.725000e-02 1.000000e-06)
(1.775000e-02 1.000000e-06)
(1.825000e-02 1.000000e-06)
(1.875000e-02 1.000000e-06)
(1.925000e-02 1.000000e-06)
(1.975000e-02 1.000000e-06)
(2.025000e-02 1.000000e-06)
(2.075000e-02 1.000000e-06)
(2.125000e-02 1.000000e-06)
(2.175000e-02 1.000000e-06)
(2.225000e-02 1.000000e-06)
(2.275000e-02 1.000000e-06)
(2.325000e-02 1.000000e-06)
(2.375000e-02 1.000000e-06)
(2.425000e-02 1.000000e-06)
(2.475000e-02 1.000000e-06)
(2.525000e-02 1.000000e-06)
(2.575000e-02 1.000000e-06)
(2.625000e-02 1.000000e-06)
(2.675000e-02 1.000000e-06)
(2.725000e-02 1.000000e-06)
(2.775000e-02 1.000000e-06)
(2.825000e-02 1.000000e-06)
(2.875000e-02 1.000000e-06)
(2.925000e-02 1.000000e-06)
(2.975000e-02 1.000000e-06)
(3.025000e-02 1.000000e-06)
(3.075000e-02 1.000000e-06)
(3.125000e-02 1.000000e-06)
(3.175000e-02 1.000000e-06)
(3.225000e-02 1.000000e-06)
(3.275000e-02 1.000000e-06)
(3.325000e-02 1.000000e-06)
(3.375000e-02 1.000000e-06)
(3.425000e-02 1.000000e-06)
(3.475000e-02 1.000000e-06)
(3.525000e-02 1.000000e-06)
(3.575000e-02 1.000000e-06)
(3.625000e-02 1.000000e-06)
(3.675000e-02 1.000000e-06)
(3.725000e-02 1.000000e-06)
(3.775000e-02 1.000000e-06)
(3.825000e-02 1.000000e-06)
(3.875000e-02 1.000000e-06)
(3.925000e-02 1.000000e-06)
(3.975000e-02 1.000000e-06)
(4.025000e-02 1.000000e-06)
(4.075000e-02 1.000000e-06)
(4.125000e-02 1.000000e-06)
(4.175000e-02 1.000000e-06)
(4.225000e-02 1.000000e-06)
(4.275000e-02 1.000000e-06)
(4.325000e-02 1.000000e-06)
(4.375000e-02 1.000000e-06)
(4.425000e-02 1.000000e-06)
(4.475000e-02 1.000000e-06)
(4.525000e-02 1.000000e-06)
(4.575000e-02 1.000000e-06)
(4.625000e-02 1.000000e-06)
(4.675000e-02 1.000000e-06)
(4.725000e-02 1.000000e-06)
(4.775000e-02 1.000000e-06)
(4.825000e-02 1.000000e-06)
(4.875000e-02 1.000000e-06)
(4.925000e-02 1.000000e-06)
(4.975000e-02 1.000000e-06)
(5.025000e-02 1.000000e-06)
(5.075000e-02 1.000000e-06)
(5.125000e-02 1.000000e-06)
(5.175000e-02 1.000000e-06)
(5.225000e-02 1.000000e-06)
(5.275000e-02 1.000000e-06)
(5.325000e-02 1.000000e-06)
(5.375000e-02 1.000000e-06)
(5.425000e-02 1.000000e-06)
(5.475000e-02 1.000000e-06)
(5.525000e-02 1.000000e-06)
(5.575000e-02 1.000000e-06)
(5.625000e-02 1.000000e-06)
(5.675000e-02 1.000000e-06)
(5.725000e-02 1.000000e-06)
(5.775000e-02 1.000000e-06)
(5.825000e-02 1.000000e-06)
(5.875000e-02 1.000000e-06)
(5.925000e-02 1.000000e-06)
(5.975000e-02 1.000000e-06)
(6.025000e-02 1.000000e-06)
(6.075000e-02 1.000000e-06)
(6.125000e-02 1.000000e-06)
(6.175000e-02 1.000000e-06)
(6.225000e-02 1.000000e-06)
(6.275000e-02 1.000000e-06)
(6.325000e-02 1.000000e-06)
(6.375000e-02 1.000000e-06)
(6.425000e-02 1.000000e-06)
(6.475000e-02 1.000000e-06)
(6.525000e-02 1.000000e-06)
(6.575000e-02 1.000000e-06)
(6.625000e-02 1.000000e-06)
(6.675000e-02 1.000000e-06)
(6.725000e-02 1.000000e-06)
(6.775000e-02 1.000000e-06)
(6.825000e-02 1.000000e-06)
(6.875000e-02 1.000000e-06)
(6.925000e-02 1.000000e-06)
(6.975000e-02 1.000000e-06)
(7.025000e-02 1.000000e-06)
(7.075000e-02 1.000000e-06)
(7.125000e-02 1.000000e-06)
(7.175000e-02 1.000000e-06)
(7.225000e-02 1.000000e-06)
(7.275000e-02 1.000000e-06)
(7.325000e-02 1.000000e-06)
(7.375000e-02 1.000000e-06)
(7.425000e-02 1.000000e-06)
(7.475000e-02 1.456090e-06)
(7.525000e-02 9.248700e-05)
(7.575000e-02 5.042010e-04)
(7.625000e-02 6.470640e-04)
(7.675000e-02 7.574120e-04)
(7.725000e-02 8.552670e-04)
(7.775000e-02 9.458370e-04)
(7.825000e-02 1.030730e-03)
(7.875000e-02 1.110140e-03)
(7.925000e-02 1.183800e-03)
(7.975000e-02 1.251320e-03)
(8.025000e-02 1.312340e-03)
(8.075000e-02 1.366620e-03)
(8.125000e-02 1.414010e-03)
(8.175000e-02 1.454470e-03)
(8.225000e-02 1.488030e-03)
(8.275000e-02 1.514790e-03)
(8.325000e-02 1.534900e-03)
(8.375000e-02 1.548540e-03)
(8.425000e-02 1.555940e-03)
(8.475000e-02 1.557320e-03)
(8.525000e-02 1.552950e-03)
(8.575000e-02 1.543070e-03)
(8.625000e-02 1.527970e-03)
(8.675000e-02 1.507920e-03)
(8.725000e-02 1.483220e-03)
(8.775000e-02 1.454150e-03)
(8.825000e-02 1.421010e-03)
(8.875000e-02 1.384120e-03)
(8.925000e-02 1.343790e-03)
(8.975000e-02 1.300330e-03)
(9.025000e-02 1.254090e-03)
(9.075000e-02 1.205410e-03)
(9.125000e-02 1.154640e-03)
(9.175000e-02 1.102140e-03)
(9.225000e-02 1.048310e-03)
(9.275000e-02 9.935390e-04)
(9.325000e-02 9.382330e-04)
(9.375000e-02 8.828160e-04)
(9.425000e-02 8.277200e-04)
(9.475000e-02 7.733850e-04)
(9.525000e-02 7.202520e-04)
(9.575000e-02 6.687550e-04)
(9.625000e-02 6.193110e-04)
(9.675000e-02 5.723100e-04)
(9.725000e-02 5.280960e-04)
(9.775000e-02 4.869530e-04)
(9.825000e-02 4.490920e-04)
(9.875000e-02 4.146340e-04)
(9.925000e-02 3.836090e-04)
(9.975000e-02 3.559510e-04)
(1.002500e-01 3.315120e-04)
(1.007500e-01 3.100720e-04)
(1.012500e-01 2.913600e-04)
(1.017500e-01 2.750810e-04)
(1.022500e-01 2.609280e-04)
(1.027500e-01 2.486030e-04)
(1.032500e-01 2.378290e-04)
(1.037500e-01 2.283520e-04)
(1.042500e-01 2.199510e-04)
(1.047500e-01 2.124320e-04)
(1.052500e-01 2.056300e-04)
(1.057500e-01 1.994070e-04)
(1.062500e-01 1.936460e-04)
(1.067500e-01 1.882510e-04)
(1.072500e-01 1.831430e-04)
(1.077500e-01 1.782560e-04)
(1.082500e-01 1.735390e-04)
(1.087500e-01 1.689510e-04)
(1.092500e-01 1.644600e-04)
(1.097500e-01 1.600400e-04)
(1.102500e-01 1.556750e-04)
(1.107500e-01 1.513500e-04)
(1.112500e-01 1.470600e-04)
(1.117500e-01 1.427980e-04)
(1.122500e-01 1.385650e-04)
(1.127500e-01 1.343610e-04)
(1.132500e-01 1.301910e-04)
(1.137500e-01 1.260600e-04)
(1.142500e-01 1.219730e-04)
(1.147500e-01 1.179370e-04)
(1.152500e-01 1.139610e-04)
(1.157500e-01 1.100520e-04)
(1.162500e-01 1.062170e-04)
(1.167500e-01 1.024630e-04)
(1.172500e-01 9.879830e-05)
(1.177500e-01 9.522800e-05)
(1.182500e-01 9.175770e-05)
(1.187500e-01 8.839210e-05)
(1.192500e-01 8.513490e-05)
(1.197500e-01 8.198870e-05)
(1.202500e-01 7.895540e-05)
(1.207500e-01 7.603600e-05)
(1.212500e-01 7.323050e-05)
(1.217500e-01 7.053820e-05)
(1.222500e-01 6.795750e-05)
(1.227500e-01 6.548630e-05)
(1.232500e-01 6.312180e-05)
(1.237500e-01 6.086080e-05)
(1.242500e-01 5.869980e-05)
(1.247500e-01 5.663490e-05)
(1.252500e-01 5.466200e-05)
(1.257500e-01 5.277690e-05)
(1.262500e-01 5.097540e-05)
(1.267500e-01 4.925330e-05)
(1.272500e-01 4.760640e-05)
(1.277500e-01 4.603060e-05)
(1.282500e-01 4.452200e-05)
(1.287500e-01 4.307690e-05)
(1.292500e-01 4.169170e-05)
(1.297500e-01 4.036310e-05)
(1.302500e-01 3.908790e-05)
(1.307500e-01 3.786310e-05)
(1.312500e-01 3.668610e-05)
(1.317500e-01 3.555420e-05)
(1.322500e-01 3.446520e-05)
(1.327500e-01 3.341670e-05)
(1.332500e-01 3.240680e-05)
(1.337500e-01 3.143350e-05)
(1.342500e-01 3.049530e-05)
(1.347500e-01 2.959030e-05)
(1.352500e-01 2.871720e-05)
(1.357500e-01 2.787460e-05)
(1.362500e-01 2.706100e-05)
(1.367500e-01 2.627540e-05)
(1.372500e-01 2.551660e-05)
(1.377500e-01 2.478350e-05)
(1.382500e-01 2.407500e-05)
(1.387500e-01 2.339030e-05)
(1.392500e-01 2.272840e-05)
(1.397500e-01 2.208850e-05)
(1.402500e-01 2.146970e-05)
(1.407500e-01 2.087120e-05)
(1.412500e-01 2.029230e-05)
(1.417500e-01 1.973220e-05)
(1.422500e-01 1.919030e-05)
(1.427500e-01 1.866590e-05)
(1.432500e-01 1.815840e-05)
(1.437500e-01 1.766710e-05)
(1.442500e-01 1.719150e-05)
(1.447500e-01 1.673100e-05)
(1.452500e-01 1.628510e-05)
(1.457500e-01 1.585320e-05)
(1.462500e-01 1.543480e-05)
(1.467500e-01 1.502950e-05)
(1.472500e-01 1.463680e-05)
(1.477500e-01 1.425620e-05)
(1.482500e-01 1.388730e-05)
(1.487500e-01 1.352970e-05)
(1.492500e-01 1.318300e-05)
(1.497500e-01 1.284690e-05)
(1.502520e-01 1.251940e-05)
(1.507630e-01 1.219670e-05)
(1.512860e-01 1.187630e-05)
(1.518210e-01 1.155850e-05)
(1.523700e-01 1.124350e-05)
(1.529310e-01 1.093140e-05)
(1.535070e-01 1.062230e-05)
(1.540960e-01 1.031650e-05)
(1.546990e-01 1.001410e-05)
(1.553170e-01 9.715270e-06)
(1.559500e-01 9.420120e-06)
(1.565990e-01 9.128800e-06)
(1.572630e-01 8.841470e-06)
(1.579430e-01 8.558250e-06)
(1.586390e-01 8.279280e-06)
(1.593530e-01 8.004680e-06)
(1.600830e-01 7.734550e-06)
(1.608320e-01 7.469030e-06)
(1.615980e-01 7.208200e-06)
(1.623830e-01 6.952170e-06)
(1.631870e-01 6.701030e-06)
(1.640100e-01 6.454860e-06)
(1.648540e-01 6.213740e-06)
(1.657170e-01 5.977740e-06)
(1.666020e-01 5.746920e-06)
(1.675080e-01 5.521330e-06)
(1.684360e-01 5.301030e-06)
(1.693860e-01 5.086040e-06)
(1.703600e-01 4.876400e-06)
(1.713570e-01 4.672140e-06)
(1.723780e-01 4.473260e-06)
(1.734230e-01 4.279770e-06)
(1.744940e-01 4.091670e-06)
(1.755910e-01 3.908950e-06)
(1.767150e-01 3.731590e-06)
(1.778650e-01 3.559560e-06)
(1.790440e-01 3.392830e-06)
(1.802510e-01 3.231360e-06)
(1.814870e-01 3.075100e-06)
(1.827530e-01 2.923980e-06)
(1.840490e-01 2.777960e-06)
(1.853780e-01 2.636950e-06)
(1.867380e-01 2.500880e-06)
(1.881310e-01 2.369680e-06)
(1.895580e-01 2.243240e-06)
(1.910190e-01 2.121480e-06)
(1.925150e-01 2.004300e-06)
(1.940480e-01 1.891590e-06)
(1.956180e-01 1.783250e-06)
(1.972260e-01 1.679170e-06)
(1.988730e-01 1.579220e-06)
(2.005590e-01 1.483290e-06)
(2.022870e-01 1.391250e-06)
(2.040560e-01 1.302990e-06)
(2.058680e-01 1.218370e-06)
(2.077240e-01 1.137270e-06)
(2.096250e-01 1.059560e-06)
(2.115710e-01 1.000000e-06)
(2.135650e-01 1.000000e-06)
(2.156070e-01 1.000000e-06)
(2.176990e-01 1.000000e-06)
(2.198410e-01 1.000000e-06)
(2.220340e-01 1.000000e-06)
(2.242810e-01 1.000000e-06)
(2.265830e-01 1.000000e-06)
(2.289390e-01 1.000000e-06)
(2.313530e-01 1.000000e-06)
(2.338260e-01 1.000000e-06)
(2.363580e-01 1.000000e-06)
(2.389510e-01 1.000000e-06)
(2.416070e-01 1.000000e-06)
(2.443280e-01 1.000000e-06)
(2.471140e-01 1.000000e-06)
(2.499670e-01 1.000000e-06)
(2.528900e-01 1.000000e-06)
(2.558830e-01 1.000000e-06)
(2.589490e-01 1.000000e-06)
(2.620890e-01 1.000000e-06)
(2.653040e-01 1.000000e-06)
(2.685980e-01 1.000000e-06)
(2.719710e-01 1.000000e-06)
(2.754260e-01 1.000000e-06)
(2.789640e-01 1.000000e-06)
(2.825880e-01 1.000000e-06)
(2.863000e-01 1.000000e-06)
(2.901010e-01 1.000000e-06)
(2.939950e-01 1.000000e-06)
(2.979820e-01 1.000000e-06)
(3.020000e-01 1.000000e-06)
(3.060000e-01 1.000000e-06)
(3.100000e-01 1.000000e-06)
(3.140000e-01 1.000000e-06)
(3.180000e-01 1.000000e-06)
(3.220000e-01 1.000000e-06)
(3.260000e-01 1.000000e-06)
(3.300000e-01 1.000000e-06)
(3.340000e-01 1.000000e-06)
(3.380000e-01 1.000000e-06)
(3.420000e-01 1.000000e-06)
(3.460000e-01 1.000000e-06)
(3.500000e-01 1.000000e-06)
(3.540000e-01 1.000000e-06)
(3.580000e-01 1.000000e-06)
(3.620000e-01 1.000000e-06)
(3.660000e-01 1.000000e-06)
(3.700000e-01 1.000000e-06)
(3.740000e-01 1.000000e-06)
(3.780000e-01 1.000000e-06)
(3.820000e-01 1.000000e-06)
(3.860000e-01 1.000000e-06)
(3.900000e-01 1.000000e-06)
(3.940000e-01 1.000000e-06)
(3.980000e-01 1.000000e-06)
(4.020000e-01 1.000000e-06)
(4.060000e-01 1.000000e-06)
(4.100000e-01 1.000000e-06)
(4.140000e-01 1.000000e-06)
(4.180000e-01 1.000000e-06)
(4.220000e-01 1.000000e-06)
(4.260000e-01 1.000000e-06)
(4.300000e-01 1.000000e-06)
(4.340000e-01 1.000000e-06)
(4.380000e-01 1.000000e-06)
(4.420000e-01 1.000000e-06)
(4.460000e-01 1.000000e-06)
(4.500000e-01 1.000000e-06)
(4.540000e-01 1.000000e-06)
(4.580000e-01 1.000000e-06)
(4.620000e-01 1.000000e-06)
(4.660000e-01 1.000000e-06)
(4.700000e-01 1.000000e-06)
(4.740000e-01 1.000000e-06)
(4.780000e-01 1.000000e-06)
(4.820000e-01 1.000000e-06)
(4.860000e-01 1.000000e-06)
(4.900000e-01 1.000000e-06)
(4.940000e-01 1.000000e-06)
(4.980000e-01 1.000000e-06)
)
