(
(2.500000e-04 1.589670e-07)
(7.500000e-04 1.589250e-07)
(1.250000e-03 1.588860e-07)
(1.750000e-03 1.588460e-07)
(2.250000e-03 1.588060e-07)
(2.750000e-03 1.587640e-07)
(3.250000e-03 1.587220e-07)
(3.750000e-03 1.586800e-07)
(4.250000e-03 1.586390e-07)
(4.750000e-03 1.585970e-07)
(5.250000e-03 1.585530e-07)
(5.750000e-03 1.585100e-07)
(6.250000e-03 1.584680e-07)
(6.750000e-03 1.584230e-07)
(7.250000e-03 1.583800e-07)
(7.750000e-03 1.583370e-07)
(8.250000e-03 1.582920e-07)
(8.750000e-03 1.582470e-07)
(9.250000e-03 1.582020e-07)
(9.750000e-03 1.581570e-07)
(1.025000e-02 1.581110e-07)
(1.075000e-02 1.580640e-07)
(1.125000e-02 1.580180e-07)
(1.175000e-02 1.579720e-07)
(1.225000e-02 1.579250e-07)
(1.275000e-02 1.578770e-07)
(1.325000e-02 1.578290e-07)
(1.375000e-02 1.577810e-07)
(1.425000e-02 1.577320e-07)
(1.475000e-02 1.576840e-07)
(1.525000e-02 1.576340e-07)
(1.575000e-02 1.575850e-07)
(1.625000e-02 1.575340e-07)
(1.675000e-02 1.574840e-07)
(1.725000e-02 1.574330e-07)
(1.775000e-02 1.573810e-07)
(1.825000e-02 1.573300e-07)
(1.875000e-02 1.572770e-07)
(1.925000e-02 1.572250e-07)
(1.975000e-02 1.571710e-07)
(2.025000e-02 1.571170e-07)
(2.075000e-02 1.570630e-07)
(2.125000e-02 1.570090e-07)
(2.175000e-02 1.569530e-07)
(2.225000e-02 1.568970e-07)
(2.275000e-02 1.568420e-07)
(2.325000e-02 1.567880e-07)
(2.375000e-02 1.567320e-07)
(2.425000e-02 1.566770e-07)
(2.475000e-02 1.566200e-07)
(2.525000e-02 1.565610e-07)
(2.575000e-02 1.565000e-07)
(2.625000e-02 1.564350e-07)
(2.675000e-02 1.563670e-07)
(2.725000e-02 1.562960e-07)
(2.775000e-02 1.562280e-07)
(2.825000e-02 1.561630e-07)
(2.875000e-02 1.561100e-07)
(2.925000e-02 1.560640e-07)
(2.975000e-02 1.560270e-07)
(3.025000e-02 1.559970e-07)
(3.075000e-02 1.559680e-07)
(3.125000e-02 1.559410e-07)
(3.175000e-02 1.559140e-07)
(3.225000e-02 1.558860e-07)
(3.275000e-02 1.558590e-07)
(3.325000e-02 1.558320e-07)
(3.375000e-02 1.558050e-07)
(3.425000e-02 1.557760e-07)
(3.475000e-02 1.557490e-07)
(3.525000e-02 1.557220e-07)
(3.575000e-02 1.556950e-07)
(3.625000e-02 1.556680e-07)
(3.675000e-02 1.556390e-07)
(3.725000e-02 1.556120e-07)
(3.775000e-02 1.555850e-07)
(3.825000e-02 1.555560e-07)
(3.875000e-02 1.555290e-07)
(3.925000e-02 1.555020e-07)
(3.975000e-02 1.554750e-07)
(4.025000e-02 1.554460e-07)
(4.075000e-02 1.554190e-07)
(4.125000e-02 1.553920e-07)
(4.175000e-02 1.553630e-07)
(4.225000e-02 1.553360e-07)
(4.275000e-02 1.553070e-07)
(4.325000e-02 1.552800e-07)
(4.375000e-02 1.552530e-07)
(4.425000e-02 1.552250e-07)
(4.475000e-02 1.551970e-07)
(4.525000e-02 1.551690e-07)
(4.575000e-02 1.551420e-07)
(4.625000e-02 1.551130e-07)
(4.675000e-02 1.550850e-07)
(4.725000e-02 1.550580e-07)
(4.775000e-02 1.550290e-07)
(4.825000e-02 1.550000e-07)
(4.875000e-02 1.549730e-07)
(4.925000e-02 1.549430e-07)
(4.975000e-02 1.549160e-07)
(5.025000e-02 1.548880e-07)
(5.075000e-02 1.548580e-07)
(5.125000e-02 1.548270e-07)
(5.175000e-02 1.547970e-07)
(5.225000e-02 1.547670e-07)
(5.275000e-02 1.547370e-07)
(5.325000e-02 1.547040e-07)
(5.375000e-02 1.546710e-07)
(5.425000e-02 1.546360e-07)
(5.475000e-02 1.546000e-07)
(5.525000e-02 1.545600e-07)
(5.575000e-02 1.545180e-07)
(5.625000e-02 1.544730e-07)
(5.675000e-02 1.544210e-07)
(5.725000e-02 1.543630e-07)
(5.775000e-02 1.542970e-07)
(5.825000e-02 1.542210e-07)
(5.875000e-02 1.541320e-07)
(5.925000e-02 1.540240e-07)
(5.975000e-02 1.538950e-07)
(6.025000e-02 1.537390e-07)
(6.075000e-02 1.535480e-07)
(6.125000e-02 1.533100e-07)
(6.175000e-02 1.530120e-07)
(6.225000e-02 1.526350e-07)
(6.275000e-02 1.521550e-07)
(6.325000e-02 1.515390e-07)
(6.375000e-02 1.507500e-07)
(6.425000e-02 1.497350e-07)
(6.475000e-02 1.484180e-07)
(6.525000e-02 1.467020e-07)
(6.575000e-02 1.453690e-07)
(6.625000e-02 1.453120e-07)
(6.675000e-02 1.455240e-07)
(6.725000e-02 1.452730e-07)
(6.775000e-02 1.447190e-07)
(6.825000e-02 1.442740e-07)
(6.875000e-02 1.438790e-07)
(6.925000e-02 1.434180e-07)
(6.975000e-02 1.428950e-07)
(7.025000e-02 1.423340e-07)
(7.075000e-02 1.417310e-07)
(7.125000e-02 1.410570e-07)
(7.175000e-02 2.138920e-07)
(7.225000e-02 8.131730e-07)
(7.275000e-02 3.541610e-06)
(7.325000e-02 1.748390e-05)
(7.375000e-02 1.118930e-04)
(7.425000e-02 1.027830e-03)
(7.475000e-02 5.961410e-03)
(7.525000e-02 3.621080e-04)
(7.575000e-02 1.499210e-05)
(7.625000e-02 2.181360e-06)
(7.675000e-02 4.003200e-07)
(7.725000e-02 1.474280e-07)
(7.775000e-02 2.616780e-08)
(7.825000e-02 2.247020e-08)
(7.875000e-02 9.170080e-10)
(7.925000e-02 1.896920e-17)
(7.975000e-02 6.619390e-34)
(8.025000e-02 2.352240e-45)
(8.075000e-02 5.308040e-57)
(8.125000e-02 9.282270e-69)
(8.175000e-02 1.467120e-80)
(8.225000e-02 2.097800e-92)
(8.275000e-02 2.376040e-104)
(8.325000e-02 3.006910e-116)
(8.375000e-02 4.022850e-120)
(8.425000e-02 2.358490e-130)
(8.475000e-02 1.807940e-134)
(8.525000e-02 2.406600e-136)
(8.575000e-02 2.888810e-138)
(8.625000e-02 3.417830e-140)
(8.675000e-02 3.027890e-142)
(8.725000e-02 1.983830e-144)
(8.775000e-02 1.156820e-154)
(8.825000e-02 3.222450e-165)
(8.875000e-02 6.520830e-176)
(8.925000e-02 1.005090e-186)
(8.975000e-02 1.401750e-197)
(9.025000e-02 2.460450e-200)
(9.075000e-02 3.097760e-202)
(9.125000e-02 3.726630e-204)
(9.175000e-02 3.368150e-206)
(9.225000e-02 2.224850e-208)
(9.275000e-02 1.442690e-218)
(9.325000e-02 4.699600e-229)
(9.375000e-02 1.045910e-239)
(9.425000e-02 1.780460e-250)
(9.475000e-02 2.397500e-261)
(9.525000e-02 2.920170e-272)
(9.575000e-02 2.806620e-283)
(9.625000e-02 2.517420e-294)
(9.675000e-02 2.017130e-305)
(9.725000e-02 1.343850e-316)
(9.775000e-02 0.000000e+00)
(9.825000e-02 0.000000e+00)
(9.875000e-02 0.000000e+00)
(9.925000e-02 0.000000e+00)
(9.975000e-02 0.000000e+00)
(1.002500e-01 0.000000e+00)
(1.007500e-01 0.000000e+00)
(1.012500e-01 0.000000e+00)
(1.017500e-01 0.000000e+00)
(1.022500e-01 0.000000e+00)
(1.027500e-01 0.000000e+00)
(1.032500e-01 0.000000e+00)
(1.037500e-01 0.000000e+00)
(1.042500e-01 0.000000e+00)
(1.047500e-01 0.000000e+00)
(1.052500e-01 0.000000e+00)
(1.057500e-01 0.000000e+00)
(1.062500e-01 0.000000e+00)
(1.067500e-01 0.000000e+00)
(1.072500e-01 0.000000e+00)
(1.077500e-01 0.000000e+00)
(1.082500e-01 0.000000e+00)
(1.087500e-01 0.000000e+00)
(1.092500e-01 0.000000e+00)
(1.097500e-01 0.000000e+00)
(1.102500e-01 0.000000e+00)
(1.107500e-01 0.000000e+00)
(1.112500e-01 0.000000e+00)
(1.117500e-01 0.000000e+00)
(1.122500e-01 0.000000e+00)
(1.127500e-01 0.000000e+00)
(1.132500e-01 0.000000e+00)
(1.137500e-01 0.000000e+00)
(1.142500e-01 0.000000e+00)
(1.147500e-01 0.000000e+00)
(1.152500e-01 0.000000e+00)
(1.157500e-01 0.000000e+00)
(1.162500e-01 0.000000e+00)
(1.167500e-01 0.000000e+00)
(1.172500e-01 0.000000e+00)
(1.177500e-01 0.000000e+00)
(1.182500e-01 0.000000e+00)
(1.187500e-01 0.000000e+00)
(1.192500e-01 0.000000e+00)
(1.197500e-01 0.000000e+00)
(1.202500e-01 0.000000e+00)
(1.207500e-01 0.000000e+00)
(1.212500e-01 0.000000e+00)
(1.217500e-01 0.000000e+00)
(1.222500e-01 0.000000e+00)
(1.227500e-01 0.000000e+00)
(1.232500e-01 0.000000e+00)
(1.237500e-01 0.000000e+00)
(1.242500e-01 0.000000e+00)
(1.247500e-01 0.000000e+00)
(1.252500e-01 0.000000e+00)
(1.257500e-01 0.000000e+00)
(1.262500e-01 0.000000e+00)
(1.267500e-01 0.000000e+00)
(1.272500e-01 0.000000e+00)
(1.277500e-01 0.000000e+00)
(1.282500e-01 0.000000e+00)
(1.287500e-01 0.000000e+00)
(1.292500e-01 0.000000e+00)
(1.297500e-01 0.000000e+00)
(1.302500e-01 0.000000e+00)
(1.307500e-01 0.000000e+00)
(1.312500e-01 0.000000e+00)
(1.317500e-01 0.000000e+00)
(1.322500e-01 0.000000e+00)
(1.327500e-01 0.000000e+00)
(1.332500e-01 0.000000e+00)
(1.337500e-01 0.000000e+00)
(1.342500e-01 0.000000e+00)
(1.347500e-01 0.000000e+00)
(1.352500e-01 0.000000e+00)
(1.357500e-01 0.000000e+00)
(1.362500e-01 0.000000e+00)
(1.367500e-01 0.000000e+00)
(1.372500e-01 0.000000e+00)
(1.377500e-01 0.000000e+00)
(1.382500e-01 0.000000e+00)
(1.387500e-01 0.000000e+00)
(1.392500e-01 0.000000e+00)
(1.397500e-01 0.000000e+00)
(1.402500e-01 0.000000e+00)
(1.407500e-01 0.000000e+00)
(1.412500e-01 0.000000e+00)
(1.417500e-01 0.000000e+00)
(1.422500e-01 0.000000e+00)
(1.427500e-01 0.000000e+00)
(1.432500e-01 0.000000e+00)
(1.437500e-01 0.000000e+00)
(1.442500e-01 0.000000e+00)
(1.447500e-01 0.000000e+00)
(1.452500e-01 0.000000e+00)
(1.457500e-01 0.000000e+00)
(1.462500e-01 0.000000e+00)
(1.467500e-01 0.000000e+00)
(1.472500e-01 0.000000e+00)
(1.477500e-01 0.000000e+00)
(1.482500e-01 0.000000e+00)
(1.487500e-01 0.000000e+00)
(1.492500e-01 0.000000e+00)
(1.497500e-01 0.000000e+00)
(1.502520e-01 0.000000e+00)
(1.507630e-01 0.000000e+00)
(1.512860e-01 0.000000e+00)
(1.518210e-01 0.000000e+00)
(1.523700e-01 0.000000e+00)
(1.529310e-01 0.000000e+00)
(1.535070e-01 0.000000e+00)
(1.540960e-01 0.000000e+00)
(1.546990e-01 0.000000e+00)
(1.553170e-01 0.000000e+00)
(1.559500e-01 0.000000e+00)
(1.565990e-01 0.000000e+00)
(1.572630e-01 0.000000e+00)
(1.579430e-01 0.000000e+00)
(1.586390e-01 0.000000e+00)
(1.593530e-01 0.000000e+00)
(1.600830e-01 0.000000e+00)
(1.608320e-01 0.000000e+00)
(1.615980e-01 0.000000e+00)
(1.623830e-01 0.000000e+00)
(1.631870e-01 0.000000e+00)
(1.640100e-01 0.000000e+00)
(1.648540e-01 0.000000e+00)
(1.657170e-01 0.000000e+00)
(1.666020e-01 0.000000e+00)
(1.675080e-01 0.000000e+00)
(1.684360e-01 0.000000e+00)
(1.693860e-01 0.000000e+00)
(1.703600e-01 0.000000e+00)
(1.713570e-01 0.000000e+00)
(1.723780e-01 0.000000e+00)
(1.734230e-01 0.000000e+00)
(1.744940e-01 0.000000e+00)
(1.755910e-01 0.000000e+00)
(1.767150e-01 0.000000e+00)
(1.778650e-01 0.000000e+00)
(1.790440e-01 0.000000e+00)
(1.802510e-01 0.000000e+00)
(1.814870e-01 0.000000e+00)
(1.827530e-01 0.000000e+00)
(1.840490e-01 0.000000e+00)
(1.853780e-01 0.000000e+00)
(1.867380e-01 0.000000e+00)
(1.881310e-01 0.000000e+00)
(1.895580e-01 0.000000e+00)
(1.910190e-01 0.000000e+00)
(1.925150e-01 0.000000e+00)
(1.940480e-01 0.000000e+00)
(1.956180e-01 0.000000e+00)
(1.972260e-01 0.000000e+00)
(1.988730e-01 0.000000e+00)
(2.005590e-01 0.000000e+00)
(2.022870e-01 0.000000e+00)
(2.040560e-01 0.000000e+00)
(2.058680e-01 0.000000e+00)
(2.077240e-01 0.000000e+00)
(2.096250e-01 0.000000e+00)
(2.115710e-01 0.000000e+00)
(2.135650e-01 0.000000e+00)
(2.156070e-01 0.000000e+00)
(2.176990e-01 0.000000e+00)
(2.198410e-01 0.000000e+00)
(2.220340e-01 0.000000e+00)
(2.242810e-01 0.000000e+00)
(2.265830e-01 0.000000e+00)
(2.289390e-01 0.000000e+00)
(2.313530e-01 0.000000e+00)
(2.338260e-01 0.000000e+00)
(2.363580e-01 0.000000e+00)
(2.389510e-01 0.000000e+00)
(2.416070e-01 0.000000e+00)
(2.443280e-01 0.000000e+00)
(2.471140e-01 0.000000e+00)
(2.499670e-01 0.000000e+00)
(2.528900e-01 0.000000e+00)
(2.558830e-01 0.000000e+00)
(2.589490e-01 0.000000e+00)
(2.620890e-01 0.000000e+00)
(2.653040e-01 0.000000e+00)
(2.685980e-01 0.000000e+00)
(2.719710e-01 0.000000e+00)
(2.754260e-01 0.000000e+00)
(2.789640e-01 0.000000e+00)
(2.825880e-01 0.000000e+00)
(2.863000e-01 0.000000e+00)
(2.901010e-01 0.000000e+00)
(2.939950e-01 0.000000e+00)
(2.979820e-01 0.000000e+00)
(3.020000e-01 0.000000e+00)
(3.060000e-01 0.000000e+00)
(3.100000e-01 0.000000e+00)
(3.140000e-01 0.000000e+00)
(3.180000e-01 0.000000e+00)
(3.220000e-01 0.000000e+00)
(3.260000e-01 0.000000e+00)
(3.300000e-01 0.000000e+00)
(3.340000e-01 0.000000e+00)
(3.380000e-01 0.000000e+00)
(3.420000e-01 0.000000e+00)
(3.460000e-01 0.000000e+00)
(3.500000e-01 0.000000e+00)
(3.540000e-01 0.000000e+00)
(3.580000e-01 0.000000e+00)
(3.620000e-01 0.000000e+00)
(3.660000e-01 0.000000e+00)
(3.700000e-01 0.000000e+00)
(3.740000e-01 0.000000e+00)
(3.780000e-01 0.000000e+00)
(3.820000e-01 0.000000e+00)
(3.860000e-01 0.000000e+00)
(3.900000e-01 0.000000e+00)
(3.940000e-01 0.000000e+00)
(3.980000e-01 0.000000e+00)
(4.020000e-01 0.000000e+00)
(4.060000e-01 0.000000e+00)
(4.100000e-01 0.000000e+00)
(4.140000e-01 0.000000e+00)
(4.180000e-01 0.000000e+00)
(4.220000e-01 0.000000e+00)
(4.260000e-01 0.000000e+00)
(4.300000e-01 0.000000e+00)
(4.340000e-01 0.000000e+00)
(4.380000e-01 0.000000e+00)
(4.420000e-01 0.000000e+00)
(4.460000e-01 0.000000e+00)
(4.500000e-01 0.000000e+00)
(4.540000e-01 0.000000e+00)
(4.580000e-01 0.000000e+00)
(4.620000e-01 0.000000e+00)
(4.660000e-01 0.000000e+00)
(4.700000e-01 0.000000e+00)
(4.740000e-01 0.000000e+00)
(4.780000e-01 0.000000e+00)
(4.820000e-01 0.000000e+00)
(4.860000e-01 0.000000e+00)
(4.900000e-01 0.000000e+00)
(4.940000e-01 0.000000e+00)
(4.980000e-01 0.000000e+00)
)
