(
(2.500000e-04 9.000000e-17)
(7.500000e-04 9.000000e-17)
(1.250000e-03 9.000000e-17)
(1.750000e-03 9.000000e-17)
(2.250000e-03 9.000000e-17)
(2.750000e-03 9.000000e-17)
(3.250000e-03 9.000000e-17)
(3.750000e-03 9.000000e-17)
(4.250000e-03 9.000000e-17)
(4.750000e-03 9.000000e-17)
(5.250000e-03 9.000000e-17)
(5.750000e-03 9.000000e-17)
(6.250000e-03 9.000000e-17)
(6.750000e-03 9.000000e-17)
(7.250000e-03 9.000000e-17)
(7.750000e-03 9.000000e-17)
(8.250000e-03 9.000000e-17)
(8.750000e-03 9.000000e-17)
(9.250000e-03 9.000000e-17)
(9.750000e-03 9.000000e-17)
(1.025000e-02 9.000000e-17)
(1.075000e-02 9.000000e-17)
(1.125000e-02 9.000000e-17)
(1.175000e-02 9.000000e-17)
(1.225000e-02 9.000000e-17)
(1.275000e-02 9.000000e-17)
(1.325000e-02 9.000000e-17)
(1.375000e-02 9.000000e-17)
(1.425000e-02 9.000000e-17)
(1.475000e-02 9.000000e-17)
(1.525000e-02 9.000000e-17)
(1.575000e-02 9.000000e-17)
(1.625000e-02 9.000000e-17)
(1.675000e-02 9.000000e-17)
(1.725000e-02 9.000000e-17)
(1.775000e-02 9.000000e-17)
(1.825000e-02 9.000000e-17)
(1.875000e-02 9.000000e-17)
(1.925000e-02 9.000000e-17)
(1.975000e-02 9.000000e-17)
(2.025000e-02 9.000000e-17)
(2.075000e-02 9.000000e-17)
(2.125000e-02 9.000000e-17)
(2.175000e-02 9.000000e-17)
(2.225000e-02 9.000000e-17)
(2.275000e-02 9.000000e-17)
(2.325000e-02 9.000000e-17)
(2.375000e-02 9.000000e-17)
(2.425000e-02 9.000000e-17)
(2.475000e-02 9.000000e-17)
(2.525000e-02 9.000000e-17)
(2.575000e-02 9.000000e-17)
(2.625000e-02 9.000000e-17)
(2.675000e-02 9.000000e-17)
(2.725000e-02 9.000000e-17)
(2.775000e-02 9.000000e-17)
(2.825000e-02 9.000000e-17)
(2.875000e-02 9.000000e-17)
(2.925000e-02 9.000000e-17)
(2.975000e-02 9.000000e-17)
(3.025000e-02 9.000000e-17)
(3.075000e-02 9.000000e-17)
(3.125000e-02 9.000000e-17)
(3.175000e-02 9.000000e-17)
(3.225000e-02 9.000000e-17)
(3.275000e-02 9.000000e-17)
(3.325000e-02 9.000000e-17)
(3.375000e-02 9.000000e-17)
(3.425000e-02 9.000000e-17)
(3.475000e-02 9.000000e-17)
(3.525000e-02 9.000000e-17)
(3.575000e-02 9.000000e-17)
(3.625000e-02 9.000000e-17)
(3.675000e-02 9.000000e-17)
(3.725000e-02 9.000000e-17)
(3.775000e-02 9.000000e-17)
(3.825000e-02 9.000000e-17)
(3.875000e-02 9.000000e-17)
(3.925000e-02 9.000000e-17)
(3.975000e-02 9.000000e-17)
(4.025000e-02 9.000000e-17)
(4.075000e-02 9.000000e-17)
(4.125000e-02 9.000000e-17)
(4.175000e-02 9.000000e-17)
(4.225000e-02 9.000000e-17)
(4.275000e-02 9.000000e-17)
(4.325000e-02 9.000000e-17)
(4.375000e-02 9.000000e-17)
(4.425000e-02 9.000000e-17)
(4.475000e-02 9.000000e-17)
(4.525000e-02 9.000000e-17)
(4.575000e-02 9.000000e-17)
(4.625000e-02 9.000000e-17)
(4.675000e-02 9.000000e-17)
(4.725000e-02 9.000000e-17)
(4.775000e-02 9.000000e-17)
(4.825000e-02 9.000000e-17)
(4.875000e-02 9.000000e-17)
(4.925000e-02 9.000000e-17)
(4.975000e-02 9.000000e-17)
(5.025000e-02 9.000000e-17)
(5.075000e-02 9.000000e-17)
(5.125000e-02 9.000000e-17)
(5.175000e-02 9.000000e-17)
(5.225000e-02 9.000000e-17)
(5.275000e-02 9.000000e-17)
(5.325000e-02 9.000000e-17)
(5.375000e-02 9.000000e-17)
(5.425000e-02 9.000000e-17)
(5.475000e-02 9.000000e-17)
(5.525000e-02 9.000000e-17)
(5.575000e-02 9.000000e-17)
(5.625000e-02 9.000000e-17)
(5.675000e-02 9.000000e-17)
(5.725000e-02 9.000000e-17)
(5.775000e-02 9.000000e-17)
(5.825000e-02 9.000000e-17)
(5.875000e-02 9.000000e-17)
(5.925000e-02 9.000000e-17)
(5.975000e-02 9.000000e-17)
(6.025000e-02 9.000000e-17)
(6.075000e-02 9.000000e-17)
(6.125000e-02 9.000000e-17)
(6.175000e-02 9.000000e-17)
(6.225000e-02 9.000000e-17)
(6.275000e-02 9.000000e-17)
(6.325000e-02 9.000000e-17)
(6.375000e-02 9.000000e-17)
(6.425000e-02 9.000000e-17)
(6.475000e-02 9.000000e-17)
(6.525000e-02 9.000000e-17)
(6.575000e-02 9.000000e-17)
(6.625000e-02 9.000000e-17)
(6.675000e-02 9.000000e-17)
(6.725000e-02 9.000000e-17)
(6.775000e-02 9.000000e-17)
(6.825000e-02 9.000000e-17)
(6.875000e-02 9.000000e-17)
(6.925000e-02 9.000000e-17)
(6.975000e-02 9.000000e-17)
(7.025000e-02 9.000000e-17)
(7.075000e-02 9.000000e-17)
(7.125000e-02 4.293270e-17)
(7.175000e-02 6.225390e-17)
(7.225000e-02 7.132210e-16)
(7.275000e-02 1.089000e-14)
(7.325000e-02 2.119810e-13)
(7.375000e-02 5.235830e-12)
(7.425000e-02 1.631140e-10)
(7.475000e-02 6.271190e-09)
(7.525000e-02 4.081610e-07)
(7.575000e-02 4.266520e-06)
(7.625000e-02 1.171800e-05)
(7.675000e-02 1.994050e-05)
(7.725000e-02 2.714530e-05)
(7.775000e-02 3.311320e-05)
(7.825000e-02 3.806850e-05)
(7.875000e-02 4.225640e-05)
(7.925000e-02 4.586370e-05)
(7.975000e-02 4.901580e-05)
(8.025000e-02 5.179570e-05)
(8.075000e-02 5.425780e-05)
(8.125000e-02 5.643850e-05)
(8.175000e-02 5.836310e-05)
(8.225000e-02 6.004930e-05)
(8.275000e-02 6.151090e-05)
(8.325000e-02 6.275860e-05)
(8.375000e-02 6.380140e-05)
(8.425000e-02 6.464710e-05)
(8.475000e-02 6.530270e-05)
(8.525000e-02 6.577500e-05)
(8.575000e-02 6.607030e-05)
(8.625000e-02 6.619500e-05)
(8.675000e-02 6.615520e-05)
(8.725000e-02 6.595730e-05)
(8.775000e-02 6.560770e-05)
(8.825000e-02 6.511320e-05)
(8.875000e-02 6.448080e-05)
(8.925000e-02 6.371780e-05)
(8.975000e-02 6.283200e-05)
(9.025000e-02 6.183180e-05)
(9.075000e-02 6.072620e-05)
(9.125000e-02 5.952490e-05)
(9.175000e-02 5.823850e-05)
(9.225000e-02 5.687860e-05)
(9.275000e-02 5.545770e-05)
(9.325000e-02 5.398980e-05)
(9.375000e-02 5.249010e-05)
(9.425000e-02 5.097500e-05)
(9.475000e-02 4.946270e-05)
(9.525000e-02 4.797250e-05)
(9.575000e-02 4.652500e-05)
(9.625000e-02 4.514160e-05)
(9.675000e-02 4.384400e-05)
(9.725000e-02 4.265320e-05)
(9.775000e-02 4.158870e-05)
(9.825000e-02 4.066640e-05)
(9.875000e-02 3.989780e-05)
(9.925000e-02 3.928840e-05)
(9.975000e-02 3.883650e-05)
(1.002500e-01 3.853300e-05)
(1.007500e-01 3.836200e-05)
(1.012500e-01 3.830210e-05)
(1.017500e-01 3.832830e-05)
(1.022500e-01 3.841450e-05)
(1.027500e-01 3.853520e-05)
(1.032500e-01 3.866790e-05)
(1.037500e-01 3.879370e-05)
(1.042500e-01 3.889760e-05)
(1.047500e-01 3.896930e-05)
(1.052500e-01 3.900170e-05)
(1.057500e-01 3.899110e-05)
(1.062500e-01 3.893620e-05)
(1.067500e-01 3.883760e-05)
(1.072500e-01 3.869700e-05)
(1.077500e-01 3.851680e-05)
(1.082500e-01 3.830030e-05)
(1.087500e-01 3.805040e-05)
(1.092500e-01 3.777060e-05)
(1.097500e-01 3.746410e-05)
(1.102500e-01 3.713390e-05)
(1.107500e-01 3.678300e-05)
(1.112500e-01 3.641430e-05)
(1.117500e-01 3.603040e-05)
(1.122500e-01 3.563390e-05)
(1.127500e-01 3.522710e-05)
(1.132500e-01 3.481240e-05)
(1.137500e-01 3.439190e-05)
(1.142500e-01 3.396760e-05)
(1.147500e-01 3.354150e-05)
(1.152500e-01 3.311540e-05)
(1.157500e-01 3.269100e-05)
(1.162500e-01 3.226980e-05)
(1.167500e-01 3.185320e-05)
(1.172500e-01 3.144260e-05)
(1.177500e-01 3.103890e-05)
(1.182500e-01 3.064320e-05)
(1.187500e-01 3.025620e-05)
(1.192500e-01 2.987850e-05)
(1.197500e-01 2.951040e-05)
(1.202500e-01 2.915230e-05)
(1.207500e-01 2.880430e-05)
(1.212500e-01 2.846620e-05)
(1.217500e-01 2.813780e-05)
(1.222500e-01 2.781880e-05)
(1.227500e-01 2.750890e-05)
(1.232500e-01 2.720750e-05)
(1.237500e-01 2.691400e-05)
(1.242500e-01 2.662800e-05)
(1.247500e-01 2.634870e-05)
(1.252500e-01 2.607570e-05)
(1.257500e-01 2.580840e-05)
(1.262500e-01 2.554620e-05)
(1.267500e-01 2.528870e-05)
(1.272500e-01 2.503550e-05)
(1.277500e-01 2.478620e-05)
(1.282500e-01 2.454040e-05)
(1.287500e-01 2.429800e-05)
(1.292500e-01 2.405880e-05)
(1.297500e-01 2.382250e-05)
(1.302500e-01 2.358920e-05)
(1.307500e-01 2.335870e-05)
(1.312500e-01 2.313100e-05)
(1.317500e-01 2.290610e-05)
(1.322500e-01 2.268410e-05)
(1.327500e-01 2.246480e-05)
(1.332500e-01 2.224850e-05)
(1.337500e-01 2.203500e-05)
(1.342500e-01 2.182450e-05)
(1.347500e-01 2.161690e-05)
(1.352500e-01 2.141230e-05)
(1.357500e-01 2.121070e-05)
(1.362500e-01 2.101210e-05)
(1.367500e-01 2.081650e-05)
(1.372500e-01 2.062390e-05)
(1.377500e-01 2.043420e-05)
(1.382500e-01 2.024740e-05)
(1.387500e-01 2.006340e-05)
(1.392500e-01 1.988220e-05)
(1.397500e-01 1.970380e-05)
(1.402500e-01 1.952810e-05)
(1.407500e-01 1.935500e-05)
(1.412500e-01 1.918440e-05)
(1.417500e-01 1.901630e-05)
(1.422500e-01 1.885060e-05)
(1.427500e-01 1.868720e-05)
(1.432500e-01 1.852610e-05)
(1.437500e-01 1.836720e-05)
(1.442500e-01 1.821040e-05)
(1.447500e-01 1.805570e-05)
(1.452500e-01 1.790300e-05)
(1.457500e-01 1.775230e-05)
(1.462500e-01 1.760350e-05)
(1.467500e-01 1.745660e-05)
(1.472500e-01 1.731150e-05)
(1.477500e-01 1.716820e-05)
(1.482500e-01 1.702670e-05)
(1.487500e-01 1.688690e-05)
(1.492500e-01 1.674880e-05)
(1.497500e-01 1.661240e-05)
(1.502520e-01 1.647710e-05)
(1.507630e-01 1.634120e-05)
(1.512860e-01 1.620380e-05)
(1.518210e-01 1.606480e-05)
(1.523700e-01 1.592430e-05)
(1.529310e-01 1.578240e-05)
(1.535070e-01 1.563890e-05)
(1.540960e-01 1.549400e-05)
(1.546990e-01 1.534770e-05)
(1.553170e-01 1.520000e-05)
(1.559500e-01 1.505100e-05)
(1.565990e-01 1.490060e-05)
(1.572630e-01 1.474890e-05)
(1.579430e-01 1.459590e-05)
(1.586390e-01 1.444170e-05)
(1.593530e-01 1.428630e-05)
(1.600830e-01 1.412970e-05)
(1.608320e-01 1.397190e-05)
(1.615980e-01 1.381300e-05)
(1.623830e-01 1.365290e-05)
(1.631870e-01 1.349180e-05)
(1.640100e-01 1.332960e-05)
(1.648540e-01 1.316640e-05)
(1.657170e-01 1.300220e-05)
(1.666020e-01 1.283690e-05)
(1.675080e-01 1.267080e-05)
(1.684360e-01 1.250360e-05)
(1.693860e-01 1.233560e-05)
(1.703600e-01 1.216670e-05)
(1.713570e-01 1.199690e-05)
(1.723780e-01 1.182620e-05)
(1.734230e-01 1.165470e-05)
(1.744940e-01 1.148240e-05)
(1.755910e-01 1.130920e-05)
(1.767150e-01 1.113520e-05)
(1.778650e-01 1.096030e-05)
(1.790440e-01 1.078460e-05)
(1.802510e-01 1.060790e-05)
(1.814870e-01 1.043040e-05)
(1.827530e-01 1.025190e-05)
(1.840490e-01 1.007240e-05)
(1.853780e-01 9.891750e-06)
(1.867380e-01 9.709980e-06)
(1.881310e-01 9.526940e-06)
(1.895580e-01 9.342520e-06)
(1.910190e-01 9.156600e-06)
(1.925150e-01 8.969020e-06)
(1.940480e-01 8.779610e-06)
(1.956180e-01 8.588180e-06)
(1.972260e-01 8.394510e-06)
(1.988730e-01 8.198350e-06)
(2.005590e-01 7.999430e-06)
(2.022870e-01 7.797450e-06)
(2.040560e-01 7.592080e-06)
(2.058680e-01 7.382950e-06)
(2.077240e-01 7.169690e-06)
(2.096250e-01 6.951850e-06)
(2.115710e-01 6.729010e-06)
(2.135650e-01 6.500680e-06)
(2.156070e-01 6.266350e-06)
(2.176990e-01 6.025520e-06)
(2.198410e-01 5.777660e-06)
(2.220340e-01 5.522220e-06)
(2.242810e-01 5.258680e-06)
(2.265830e-01 4.986540e-06)
(2.289390e-01 4.705320e-06)
(2.313530e-01 4.414630e-06)
(2.338260e-01 4.114170e-06)
(2.363580e-01 3.803790e-06)
(2.389510e-01 3.483550e-06)
(2.416070e-01 3.153820e-06)
(2.443280e-01 2.815390e-06)
(2.471140e-01 2.469730e-06)
(2.499670e-01 2.119230e-06)
(2.528900e-01 1.767720e-06)
(2.558830e-01 1.421220e-06)
(2.589490e-01 1.088890e-06)
(2.620890e-01 7.841120e-07)
(2.653040e-01 5.241670e-07)
(2.685980e-01 3.256310e-07)
(2.719710e-01 1.944780e-07)
(2.754260e-01 1.202560e-07)
(2.789640e-01 8.351340e-08)
(2.825880e-01 6.707840e-08)
(2.863000e-01 6.026190e-08)
(2.901010e-01 5.760120e-08)
(2.939950e-01 5.661730e-08)
(2.979820e-01 5.627140e-08)
(3.020000e-01 5.615720e-08)
(3.060000e-01 5.612060e-08)
(3.100000e-01 5.610930e-08)
(3.140000e-01 5.610570e-08)
(3.180000e-01 5.610470e-08)
(3.220000e-01 5.610440e-08)
(3.260000e-01 5.610460e-08)
(3.300000e-01 5.610470e-08)
(3.340000e-01 5.610470e-08)
(3.380000e-01 5.610470e-08)
(3.420000e-01 5.610470e-08)
(3.460000e-01 5.610470e-08)
(3.500000e-01 5.610470e-08)
(3.540000e-01 5.610470e-08)
(3.580000e-01 5.610470e-08)
(3.620000e-01 5.610470e-08)
(3.660000e-01 5.610470e-08)
(3.700000e-01 5.610470e-08)
(3.740000e-01 5.610470e-08)
(3.780000e-01 5.610470e-08)
(3.820000e-01 5.610470e-08)
(3.860000e-01 5.610470e-08)
(3.900000e-01 5.610470e-08)
(3.940000e-01 5.610460e-08)
(3.980000e-01 5.610440e-08)
(4.020000e-01 5.610430e-08)
(4.060000e-01 5.610430e-08)
(4.100000e-01 5.610430e-08)
(4.140000e-01 5.610430e-08)
(4.180000e-01 5.610430e-08)
(4.220000e-01 5.610430e-08)
(4.260000e-01 5.610430e-08)
(4.300000e-01 5.610430e-08)
(4.340000e-01 5.610430e-08)
(4.380000e-01 5.610430e-08)
(4.420000e-01 5.610430e-08)
(4.460000e-01 5.610430e-08)
(4.500000e-01 5.610430e-08)
(4.540000e-01 5.610430e-08)
(4.580000e-01 5.610430e-08)
(4.620000e-01 5.610430e-08)
(4.660000e-01 5.610430e-08)
(4.700000e-01 5.610430e-08)
(4.740000e-01 5.610430e-08)
(4.780000e-01 5.610430e-08)
(4.820000e-01 5.610430e-08)
(4.860000e-01 5.610430e-08)
(4.900000e-01 5.610430e-08)
(4.940000e-01 5.610430e-08)
(4.980000e-01 5.610430e-08)
)
