(
(2.500000e-04 4.883100e+03)
(7.500000e-04 4.878190e+03)
(1.250000e-03 4.873290e+03)
(1.750000e-03 4.868380e+03)
(2.250000e-03 4.863480e+03)
(2.750000e-03 4.858570e+03)
(3.250000e-03 4.853670e+03)
(3.750000e-03 4.848760e+03)
(4.250000e-03 4.843860e+03)
(4.750000e-03 4.838950e+03)
(5.250000e-03 4.834050e+03)
(5.750000e-03 4.829140e+03)
(6.250000e-03 4.824240e+03)
(6.750000e-03 4.819330e+03)
(7.250000e-03 4.814430e+03)
(7.750000e-03 4.809520e+03)
(8.250000e-03 4.804620e+03)
(8.750000e-03 4.799710e+03)
(9.250000e-03 4.794810e+03)
(9.750000e-03 4.789900e+03)
(1.025000e-02 4.785000e+03)
(1.075000e-02 4.780090e+03)
(1.125000e-02 4.775190e+03)
(1.175000e-02 4.770280e+03)
(1.225000e-02 4.765380e+03)
(1.275000e-02 4.760470e+03)
(1.325000e-02 4.755570e+03)
(1.375000e-02 4.750660e+03)
(1.425000e-02 4.745760e+03)
(1.475000e-02 4.740850e+03)
(1.525000e-02 4.735940e+03)
(1.575000e-02 4.731040e+03)
(1.625000e-02 4.726130e+03)
(1.675000e-02 4.721230e+03)
(1.725000e-02 4.716320e+03)
(1.775000e-02 4.711420e+03)
(1.825000e-02 4.706510e+03)
(1.875000e-02 4.701610e+03)
(1.925000e-02 4.696700e+03)
(1.975000e-02 4.691800e+03)
(2.025000e-02 4.686890e+03)
(2.075000e-02 4.681990e+03)
(2.125000e-02 4.677080e+03)
(2.175000e-02 4.672180e+03)
(2.225000e-02 4.667270e+03)
(2.275000e-02 4.662370e+03)
(2.325000e-02 4.657460e+03)
(2.375000e-02 4.652560e+03)
(2.425000e-02 4.647650e+03)
(2.475000e-02 4.642750e+03)
(2.525000e-02 4.637840e+03)
(2.575000e-02 4.632940e+03)
(2.625000e-02 4.628030e+03)
(2.675000e-02 4.623130e+03)
(2.725000e-02 4.618220e+03)
(2.775000e-02 4.613320e+03)
(2.825000e-02 4.608410e+03)
(2.875000e-02 4.603510e+03)
(2.925000e-02 4.598600e+03)
(2.975000e-02 4.593700e+03)
(3.025000e-02 4.588790e+03)
(3.075000e-02 4.583880e+03)
(3.125000e-02 4.578980e+03)
(3.175000e-02 4.574070e+03)
(3.225000e-02 4.569170e+03)
(3.275000e-02 4.564260e+03)
(3.325000e-02 4.559360e+03)
(3.375000e-02 4.554450e+03)
(3.425000e-02 4.549550e+03)
(3.475000e-02 4.544640e+03)
(3.525000e-02 4.539740e+03)
(3.575000e-02 4.534830e+03)
(3.625000e-02 4.529930e+03)
(3.675000e-02 4.525020e+03)
(3.725000e-02 4.520120e+03)
(3.775000e-02 4.515210e+03)
(3.825000e-02 4.510310e+03)
(3.875000e-02 4.505400e+03)
(3.925000e-02 4.500500e+03)
(3.975000e-02 4.495590e+03)
(4.025000e-02 4.490690e+03)
(4.075000e-02 4.485780e+03)
(4.125000e-02 4.480880e+03)
(4.175000e-02 4.475970e+03)
(4.225000e-02 4.471060e+03)
(4.275000e-02 4.466160e+03)
(4.325000e-02 4.461250e+03)
(4.375000e-02 4.456350e+03)
(4.425000e-02 4.451440e+03)
(4.475000e-02 4.446540e+03)
(4.525000e-02 4.441630e+03)
(4.575000e-02 4.436730e+03)
(4.625000e-02 4.431820e+03)
(4.675000e-02 4.426920e+03)
(4.725000e-02 4.422010e+03)
(4.775000e-02 4.417110e+03)
(4.825000e-02 4.412200e+03)
(4.875000e-02 4.407300e+03)
(4.925000e-02 4.402390e+03)
(4.975000e-02 4.397490e+03)
(5.025000e-02 4.392580e+03)
(5.075000e-02 4.387680e+03)
(5.125000e-02 4.382770e+03)
(5.175000e-02 4.377870e+03)
(5.225000e-02 4.372960e+03)
(5.275000e-02 4.368050e+03)
(5.325000e-02 4.363150e+03)
(5.375000e-02 4.358240e+03)
(5.425000e-02 4.353340e+03)
(5.475000e-02 4.348430e+03)
(5.525000e-02 4.343530e+03)
(5.575000e-02 4.338620e+03)
(5.625000e-02 4.333720e+03)
(5.675000e-02 4.328810e+03)
(5.725000e-02 4.323910e+03)
(5.775000e-02 4.319000e+03)
(5.825000e-02 4.314100e+03)
(5.875000e-02 4.309190e+03)
(5.925000e-02 4.304290e+03)
(5.975000e-02 4.299380e+03)
(6.025000e-02 4.294480e+03)
(6.075000e-02 4.289570e+03)
(6.125000e-02 4.284670e+03)
(6.175000e-02 4.279760e+03)
(6.225000e-02 4.274860e+03)
(6.275000e-02 4.269950e+03)
(6.325000e-02 4.265050e+03)
(6.375000e-02 4.260140e+03)
(6.425000e-02 4.255240e+03)
(6.475000e-02 4.250330e+03)
(6.525000e-02 4.245430e+03)
(6.575000e-02 4.240520e+03)
(6.625000e-02 4.235620e+03)
(6.675000e-02 4.230710e+03)
(6.725000e-02 4.225810e+03)
(6.775000e-02 4.220900e+03)
(6.825000e-02 4.216000e+03)
(6.875000e-02 4.211090e+03)
(6.925000e-02 4.206180e+03)
(6.975000e-02 4.201280e+03)
(7.025000e-02 4.196370e+03)
(7.075000e-02 4.191470e+03)
(7.125000e-02 4.186560e+03)
(7.175000e-02 4.181660e+03)
(7.225000e-02 4.176750e+03)
(7.275000e-02 4.171850e+03)
(7.325000e-02 4.166940e+03)
(7.375000e-02 4.162040e+03)
(7.425000e-02 4.157130e+03)
(7.475000e-02 4.152230e+03)
(7.525000e-02 4.147210e+03)
(7.575000e-02 4.141940e+03)
(7.625000e-02 4.136940e+03)
(7.675000e-02 4.131960e+03)
(7.725000e-02 4.126990e+03)
(7.775000e-02 4.122020e+03)
(7.825000e-02 4.117060e+03)
(7.875000e-02 4.112100e+03)
(7.925000e-02 4.107150e+03)
(7.975000e-02 4.102200e+03)
(8.025000e-02 4.097250e+03)
(8.075000e-02 4.092310e+03)
(8.125000e-02 4.087370e+03)
(8.175000e-02 4.082440e+03)
(8.225000e-02 4.077520e+03)
(8.275000e-02 4.072590e+03)
(8.325000e-02 4.067670e+03)
(8.375000e-02 4.062760e+03)
(8.425000e-02 4.057850e+03)
(8.475000e-02 4.052940e+03)
(8.525000e-02 4.048040e+03)
(8.575000e-02 4.043140e+03)
(8.625000e-02 4.038250e+03)
(8.675000e-02 4.033360e+03)
(8.725000e-02 4.028470e+03)
(8.775000e-02 4.023580e+03)
(8.825000e-02 4.018700e+03)
(8.875000e-02 4.013820e+03)
(8.925000e-02 4.008940e+03)
(8.975000e-02 4.004070e+03)
(9.025000e-02 3.999190e+03)
(9.075000e-02 3.994320e+03)
(9.125000e-02 3.989450e+03)
(9.175000e-02 3.984580e+03)
(9.225000e-02 3.979710e+03)
(9.275000e-02 3.974840e+03)
(9.325000e-02 3.969970e+03)
(9.375000e-02 3.965100e+03)
(9.425000e-02 3.960240e+03)
(9.475000e-02 3.955370e+03)
(9.525000e-02 3.950500e+03)
(9.575000e-02 3.945630e+03)
(9.625000e-02 3.940750e+03)
(9.675000e-02 3.935880e+03)
(9.725000e-02 3.931010e+03)
(9.775000e-02 3.926130e+03)
(9.825000e-02 3.921250e+03)
(9.875000e-02 3.916370e+03)
(9.925000e-02 3.911480e+03)
(9.975000e-02 3.906600e+03)
(1.002500e-01 3.901710e+03)
(1.007500e-01 3.896820e+03)
(1.012500e-01 3.891920e+03)
(1.017500e-01 3.887030e+03)
(1.022500e-01 3.882130e+03)
(1.027500e-01 3.877240e+03)
(1.032500e-01 3.872340e+03)
(1.037500e-01 3.867440e+03)
(1.042500e-01 3.862540e+03)
(1.047500e-01 3.857640e+03)
(1.052500e-01 3.852740e+03)
(1.057500e-01 3.847840e+03)
(1.062500e-01 3.842940e+03)
(1.067500e-01 3.838040e+03)
(1.072500e-01 3.833140e+03)
(1.077500e-01 3.828230e+03)
(1.082500e-01 3.823330e+03)
(1.087500e-01 3.818430e+03)
(1.092500e-01 3.813530e+03)
(1.097500e-01 3.808630e+03)
(1.102500e-01 3.803720e+03)
(1.107500e-01 3.798820e+03)
(1.112500e-01 3.793920e+03)
(1.117500e-01 3.789020e+03)
(1.122500e-01 3.784120e+03)
(1.127500e-01 3.779210e+03)
(1.132500e-01 3.774310e+03)
(1.137500e-01 3.769410e+03)
(1.142500e-01 3.764510e+03)
(1.147500e-01 3.759600e+03)
(1.152500e-01 3.754700e+03)
(1.157500e-01 3.749800e+03)
(1.162500e-01 3.744900e+03)
(1.167500e-01 3.739990e+03)
(1.172500e-01 3.735090e+03)
(1.177500e-01 3.730190e+03)
(1.182500e-01 3.725290e+03)
(1.187500e-01 3.720380e+03)
(1.192500e-01 3.715480e+03)
(1.197500e-01 3.710580e+03)
(1.202500e-01 3.705670e+03)
(1.207500e-01 3.700770e+03)
(1.212500e-01 3.695870e+03)
(1.217500e-01 3.690970e+03)
(1.222500e-01 3.686060e+03)
(1.227500e-01 3.681160e+03)
(1.232500e-01 3.676260e+03)
(1.237500e-01 3.671350e+03)
(1.242500e-01 3.666450e+03)
(1.247500e-01 3.661540e+03)
(1.252500e-01 3.656640e+03)
(1.257500e-01 3.651740e+03)
(1.262500e-01 3.646830e+03)
(1.267500e-01 3.641930e+03)
(1.272500e-01 3.637030e+03)
(1.277500e-01 3.632120e+03)
(1.282500e-01 3.627220e+03)
(1.287500e-01 3.622310e+03)
(1.292500e-01 3.617410e+03)
(1.297500e-01 3.612510e+03)
(1.302500e-01 3.607600e+03)
(1.307500e-01 3.602700e+03)
(1.312500e-01 3.597790e+03)
(1.317500e-01 3.592890e+03)
(1.322500e-01 3.587980e+03)
(1.327500e-01 3.583080e+03)
(1.332500e-01 3.578180e+03)
(1.337500e-01 3.573270e+03)
(1.342500e-01 3.568370e+03)
(1.347500e-01 3.563460e+03)
(1.352500e-01 3.558560e+03)
(1.357500e-01 3.553650e+03)
(1.362500e-01 3.548750e+03)
(1.367500e-01 3.543840e+03)
(1.372500e-01 3.538940e+03)
(1.377500e-01 3.534040e+03)
(1.382500e-01 3.529130e+03)
(1.387500e-01 3.524230e+03)
(1.392500e-01 3.519320e+03)
(1.397500e-01 3.514420e+03)
(1.402500e-01 3.509510e+03)
(1.407500e-01 3.504610e+03)
(1.412500e-01 3.499700e+03)
(1.417500e-01 3.494800e+03)
(1.422500e-01 3.489890e+03)
(1.427500e-01 3.484990e+03)
(1.432500e-01 3.480090e+03)
(1.437500e-01 3.475180e+03)
(1.442500e-01 3.470280e+03)
(1.447500e-01 3.465370e+03)
(1.452500e-01 3.460470e+03)
(1.457500e-01 3.455560e+03)
(1.462500e-01 3.450660e+03)
(1.467500e-01 3.445750e+03)
(1.472500e-01 3.440850e+03)
(1.477500e-01 3.435940e+03)
(1.482500e-01 3.431040e+03)
(1.487500e-01 3.426130e+03)
(1.492500e-01 3.421230e+03)
(1.497500e-01 3.416320e+03)
(1.502520e-01 3.411400e+03)
(1.507630e-01 3.406390e+03)
(1.512860e-01 3.401260e+03)
(1.518210e-01 3.396010e+03)
(1.523700e-01 3.390630e+03)
(1.529310e-01 3.385120e+03)
(1.535070e-01 3.379470e+03)
(1.540960e-01 3.373690e+03)
(1.546990e-01 3.367770e+03)
(1.553170e-01 3.361710e+03)
(1.559500e-01 3.355500e+03)
(1.565990e-01 3.349140e+03)
(1.572630e-01 3.342630e+03)
(1.579430e-01 3.335960e+03)
(1.586390e-01 3.329120e+03)
(1.593530e-01 3.322120e+03)
(1.600830e-01 3.314960e+03)
(1.608320e-01 3.307620e+03)
(1.615980e-01 3.300100e+03)
(1.623830e-01 3.292400e+03)
(1.631870e-01 3.284510e+03)
(1.640100e-01 3.276430e+03)
(1.648540e-01 3.268160e+03)
(1.657170e-01 3.259690e+03)
(1.666020e-01 3.251010e+03)
(1.675080e-01 3.242120e+03)
(1.684360e-01 3.233020e+03)
(1.693860e-01 3.223700e+03)
(1.703600e-01 3.214150e+03)
(1.713570e-01 3.204370e+03)
(1.723780e-01 3.194350e+03)
(1.734230e-01 3.184100e+03)
(1.744940e-01 3.173590e+03)
(1.755910e-01 3.162830e+03)
(1.767150e-01 3.151810e+03)
(1.778650e-01 3.140520e+03)
(1.790440e-01 3.128960e+03)
(1.802510e-01 3.117120e+03)
(1.814870e-01 3.104990e+03)
(1.827530e-01 3.092570e+03)
(1.840490e-01 3.079850e+03)
(1.853780e-01 3.066820e+03)
(1.867380e-01 3.053480e+03)
(1.881310e-01 3.039820e+03)
(1.895580e-01 3.025820e+03)
(1.910190e-01 3.011480e+03)
(1.925150e-01 2.996800e+03)
(1.940480e-01 2.981760e+03)
(1.956180e-01 2.966360e+03)
(1.972260e-01 2.950590e+03)
(1.988730e-01 2.934440e+03)
(2.005590e-01 2.917890e+03)
(2.022870e-01 2.900940e+03)
(2.040560e-01 2.883590e+03)
(2.058680e-01 2.865810e+03)
(2.077240e-01 2.847610e+03)
(2.096250e-01 2.828960e+03)
(2.115710e-01 2.809860e+03)
(2.135650e-01 2.790310e+03)
(2.156070e-01 2.770270e+03)
(2.176990e-01 2.749760e+03)
(2.198410e-01 2.728740e+03)
(2.220340e-01 2.707220e+03)
(2.242810e-01 2.685180e+03)
(2.265830e-01 2.662610e+03)
(2.289390e-01 2.639480e+03)
(2.313530e-01 2.615800e+03)
(2.338260e-01 2.591550e+03)
(2.363580e-01 2.566710e+03)
(2.389510e-01 2.541270e+03)
(2.416070e-01 2.515210e+03)
(2.443280e-01 2.488530e+03)
(2.471140e-01 2.461190e+03)
(2.499670e-01 2.433200e+03)
(2.528900e-01 2.404530e+03)
(2.558830e-01 2.375170e+03)
(2.589490e-01 2.345090e+03)
(2.620890e-01 2.314290e+03)
(2.653040e-01 2.282740e+03)
(2.685980e-01 2.250430e+03)
(2.719710e-01 2.217340e+03)
(2.754260e-01 2.183450e+03)
(2.789640e-01 2.148740e+03)
(2.825880e-01 2.113190e+03)
(2.863000e-01 2.076780e+03)
(2.901010e-01 2.039490e+03)
(2.939950e-01 2.001290e+03)
(2.979820e-01 1.962170e+03)
(3.020000e-01 1.922760e+03)
(3.060000e-01 1.883520e+03)
(3.100000e-01 1.844280e+03)
(3.140000e-01 1.805040e+03)
(3.180000e-01 1.765800e+03)
(3.220000e-01 1.726560e+03)
(3.260000e-01 1.687320e+03)
(3.300000e-01 1.648080e+03)
(3.340000e-01 1.608840e+03)
(3.380000e-01 1.569600e+03)
(3.420000e-01 1.530360e+03)
(3.460000e-01 1.491120e+03)
(3.500000e-01 1.451880e+03)
(3.540000e-01 1.412640e+03)
(3.580000e-01 1.373400e+03)
(3.620000e-01 1.334160e+03)
(3.660000e-01 1.294920e+03)
(3.700000e-01 1.255680e+03)
(3.740000e-01 1.216440e+03)
(3.780000e-01 1.177200e+03)
(3.820000e-01 1.137960e+03)
(3.860000e-01 1.098720e+03)
(3.900000e-01 1.059480e+03)
(3.940000e-01 1.020240e+03)
(3.980000e-01 9.810000e+02)
(4.020000e-01 9.417600e+02)
(4.060000e-01 9.025200e+02)
(4.100000e-01 8.632800e+02)
(4.140000e-01 8.240400e+02)
(4.180000e-01 7.848000e+02)
(4.220000e-01 7.455600e+02)
(4.260000e-01 7.063200e+02)
(4.300000e-01 6.670800e+02)
(4.340000e-01 6.278400e+02)
(4.380000e-01 5.886000e+02)
(4.420000e-01 5.493600e+02)
(4.460000e-01 5.101200e+02)
(4.500000e-01 4.708800e+02)
(4.540000e-01 4.316400e+02)
(4.580000e-01 3.924000e+02)
(4.620000e-01 3.531600e+02)
(4.660000e-01 3.139200e+02)
(4.700000e-01 2.746800e+02)
(4.740000e-01 2.354400e+02)
(4.780000e-01 1.962000e+02)
(4.820000e-01 1.569600e+02)
(4.860000e-01 1.177200e+02)
(4.900000e-01 7.848000e+01)
(4.940000e-01 3.924000e+01)
(4.980000e-01 -2.623150e-08)
)
