(
(2.500000e-04 4.419070e-11)
(7.500000e-04 4.417930e-11)
(1.250000e-03 4.416870e-11)
(1.750000e-03 4.415770e-11)
(2.250000e-03 4.414660e-11)
(2.750000e-03 4.413520e-11)
(3.250000e-03 4.412370e-11)
(3.750000e-03 4.411230e-11)
(4.250000e-03 4.410080e-11)
(4.750000e-03 4.408940e-11)
(5.250000e-03 4.407750e-11)
(5.750000e-03 4.406570e-11)
(6.250000e-03 4.405420e-11)
(6.750000e-03 4.404190e-11)
(7.250000e-03 4.403000e-11)
(7.750000e-03 4.401820e-11)
(8.250000e-03 4.400590e-11)
(8.750000e-03 4.399360e-11)
(9.250000e-03 4.398130e-11)
(9.750000e-03 4.396900e-11)
(1.025000e-02 4.395630e-11)
(1.075000e-02 4.394360e-11)
(1.125000e-02 4.393090e-11)
(1.175000e-02 4.391820e-11)
(1.225000e-02 4.390550e-11)
(1.275000e-02 4.389240e-11)
(1.325000e-02 4.387920e-11)
(1.375000e-02 4.386610e-11)
(1.425000e-02 4.385250e-11)
(1.475000e-02 4.383940e-11)
(1.525000e-02 4.382590e-11)
(1.575000e-02 4.381230e-11)
(1.625000e-02 4.379840e-11)
(1.675000e-02 4.378480e-11)
(1.725000e-02 4.377090e-11)
(1.775000e-02 4.375650e-11)
(1.825000e-02 4.374250e-11)
(1.875000e-02 4.372810e-11)
(1.925000e-02 4.371380e-11)
(1.975000e-02 4.369890e-11)
(2.025000e-02 4.368410e-11)
(2.075000e-02 4.366930e-11)
(2.125000e-02 4.365460e-11)
(2.175000e-02 4.363930e-11)
(2.225000e-02 4.362410e-11)
(2.275000e-02 4.360890e-11)
(2.325000e-02 4.359410e-11)
(2.375000e-02 4.357890e-11)
(2.425000e-02 4.356370e-11)
(2.475000e-02 4.354810e-11)
(2.525000e-02 4.353210e-11)
(2.575000e-02 4.351520e-11)
(2.625000e-02 4.349740e-11)
(2.675000e-02 4.347880e-11)
(2.725000e-02 4.345940e-11)
(2.775000e-02 4.344080e-11)
(2.825000e-02 4.342310e-11)
(2.875000e-02 4.340840e-11)
(2.925000e-02 4.339580e-11)
(2.975000e-02 4.338580e-11)
(3.025000e-02 4.337750e-11)
(3.075000e-02 4.336960e-11)
(3.125000e-02 4.336220e-11)
(3.175000e-02 4.335470e-11)
(3.225000e-02 4.334730e-11)
(3.275000e-02 4.333980e-11)
(3.325000e-02 4.333240e-11)
(3.375000e-02 4.332500e-11)
(3.425000e-02 4.331710e-11)
(3.475000e-02 4.330970e-11)
(3.525000e-02 4.330220e-11)
(3.575000e-02 4.329480e-11)
(3.625000e-02 4.328740e-11)
(3.675000e-02 4.327950e-11)
(3.725000e-02 4.327210e-11)
(3.775000e-02 4.326460e-11)
(3.825000e-02 4.325680e-11)
(3.875000e-02 4.324940e-11)
(3.925000e-02 4.324190e-11)
(3.975000e-02 4.323450e-11)
(4.025000e-02 4.322670e-11)
(4.075000e-02 4.321920e-11)
(4.125000e-02 4.321180e-11)
(4.175000e-02 4.320400e-11)
(4.225000e-02 4.319660e-11)
(4.275000e-02 4.318870e-11)
(4.325000e-02 4.318130e-11)
(4.375000e-02 4.317390e-11)
(4.425000e-02 4.316610e-11)
(4.475000e-02 4.315860e-11)
(4.525000e-02 4.315080e-11)
(4.575000e-02 4.314340e-11)
(4.625000e-02 4.313560e-11)
(4.675000e-02 4.312770e-11)
(4.725000e-02 4.312030e-11)
(4.775000e-02 4.311250e-11)
(4.825000e-02 4.310470e-11)
(4.875000e-02 4.309730e-11)
(4.925000e-02 4.308900e-11)
(4.975000e-02 4.308160e-11)
(5.025000e-02 4.307380e-11)
(5.075000e-02 4.306550e-11)
(5.125000e-02 4.305730e-11)
(5.175000e-02 4.304910e-11)
(5.225000e-02 4.304080e-11)
(5.275000e-02 4.303260e-11)
(5.325000e-02 4.302350e-11)
(5.375000e-02 4.301440e-11)
(5.425000e-02 4.300490e-11)
(5.475000e-02 4.299500e-11)
(5.525000e-02 4.298420e-11)
(5.575000e-02 4.297260e-11)
(5.625000e-02 4.296010e-11)
(5.675000e-02 4.294600e-11)
(5.725000e-02 4.293010e-11)
(5.775000e-02 4.291220e-11)
(5.825000e-02 4.289130e-11)
(5.875000e-02 4.286700e-11)
(5.925000e-02 4.283730e-11)
(5.975000e-02 4.280210e-11)
(6.025000e-02 4.275930e-11)
(6.075000e-02 4.270690e-11)
(6.125000e-02 4.264190e-11)
(6.175000e-02 4.256030e-11)
(6.225000e-02 4.245700e-11)
(6.275000e-02 4.232570e-11)
(6.325000e-02 4.215690e-11)
(6.375000e-02 4.194090e-11)
(6.425000e-02 4.166280e-11)
(6.475000e-02 4.130200e-11)
(6.525000e-02 4.083230e-11)
(6.575000e-02 4.046720e-11)
(6.625000e-02 4.045160e-11)
(6.675000e-02 4.050970e-11)
(6.725000e-02 4.044090e-11)
(6.775000e-02 4.028900e-11)
(6.825000e-02 4.016730e-11)
(6.875000e-02 4.005900e-11)
(6.925000e-02 3.993260e-11)
(6.975000e-02 3.978960e-11)
(7.025000e-02 3.963580e-11)
(7.075000e-02 3.947080e-11)
(7.125000e-02 3.928620e-11)
(7.175000e-02 9.085910e-11)
(7.225000e-02 1.322770e-09)
(7.275000e-02 2.528850e-08)
(7.325000e-02 6.212920e-07)
(7.375000e-02 2.581870e-05)
(7.425000e-02 2.246770e-03)
(7.475000e-02 7.866650e-02)
(7.525000e-02 3.163620e-02)
(7.575000e-02 3.318290e-03)
(7.625000e-02 6.542320e-04)
(7.675000e-02 1.326320e-04)
(7.725000e-02 5.851260e-05)
(7.775000e-02 9.499920e-06)
(7.825000e-02 9.969450e-06)
(7.875000e-02 2.377810e-07)
(7.925000e-02 4.459590e-17)
(7.975000e-02 4.295510e-37)
(8.025000e-02 1.261410e-48)
(8.075000e-02 2.852210e-60)
(8.125000e-02 4.981940e-72)
(8.175000e-02 7.876310e-84)
(8.225000e-02 1.125700e-95)
(8.275000e-02 1.274920e-107)
(8.325000e-02 1.612990e-119)
(8.375000e-02 2.157770e-123)
(8.425000e-02 1.264730e-133)
(8.475000e-02 9.693770e-138)
(8.525000e-02 1.290190e-139)
(8.575000e-02 1.548410e-141)
(8.625000e-02 1.831790e-143)
(8.675000e-02 1.622510e-145)
(8.725000e-02 1.062950e-147)
(8.775000e-02 6.197330e-158)
(8.825000e-02 1.726200e-168)
(8.875000e-02 3.492580e-179)
(8.925000e-02 5.382900e-190)
(8.975000e-02 7.506330e-201)
(9.025000e-02 1.317490e-203)
(9.075000e-02 1.658570e-205)
(9.125000e-02 1.995180e-207)
(9.175000e-02 1.803100e-209)
(9.225000e-02 1.191000e-211)
(9.275000e-02 7.722490e-222)
(9.325000e-02 2.515550e-232)
(9.375000e-02 5.598260e-243)
(9.425000e-02 9.529760e-254)
(9.475000e-02 1.283230e-264)
(9.525000e-02 1.562980e-275)
(9.575000e-02 1.502210e-286)
(9.625000e-02 1.347420e-297)
(9.675000e-02 1.079640e-308)
(9.725000e-02 7.192608e-320)
(9.775000e-02 0.000000e+00)
(9.825000e-02 0.000000e+00)
(9.875000e-02 0.000000e+00)
(9.925000e-02 0.000000e+00)
(9.975000e-02 0.000000e+00)
(1.002500e-01 0.000000e+00)
(1.007500e-01 0.000000e+00)
(1.012500e-01 0.000000e+00)
(1.017500e-01 0.000000e+00)
(1.022500e-01 0.000000e+00)
(1.027500e-01 0.000000e+00)
(1.032500e-01 0.000000e+00)
(1.037500e-01 0.000000e+00)
(1.042500e-01 0.000000e+00)
(1.047500e-01 0.000000e+00)
(1.052500e-01 0.000000e+00)
(1.057500e-01 0.000000e+00)
(1.062500e-01 0.000000e+00)
(1.067500e-01 0.000000e+00)
(1.072500e-01 0.000000e+00)
(1.077500e-01 0.000000e+00)
(1.082500e-01 0.000000e+00)
(1.087500e-01 0.000000e+00)
(1.092500e-01 0.000000e+00)
(1.097500e-01 0.000000e+00)
(1.102500e-01 0.000000e+00)
(1.107500e-01 0.000000e+00)
(1.112500e-01 0.000000e+00)
(1.117500e-01 0.000000e+00)
(1.122500e-01 0.000000e+00)
(1.127500e-01 0.000000e+00)
(1.132500e-01 0.000000e+00)
(1.137500e-01 0.000000e+00)
(1.142500e-01 0.000000e+00)
(1.147500e-01 0.000000e+00)
(1.152500e-01 0.000000e+00)
(1.157500e-01 0.000000e+00)
(1.162500e-01 0.000000e+00)
(1.167500e-01 0.000000e+00)
(1.172500e-01 0.000000e+00)
(1.177500e-01 0.000000e+00)
(1.182500e-01 0.000000e+00)
(1.187500e-01 0.000000e+00)
(1.192500e-01 0.000000e+00)
(1.197500e-01 0.000000e+00)
(1.202500e-01 0.000000e+00)
(1.207500e-01 0.000000e+00)
(1.212500e-01 0.000000e+00)
(1.217500e-01 0.000000e+00)
(1.222500e-01 0.000000e+00)
(1.227500e-01 0.000000e+00)
(1.232500e-01 0.000000e+00)
(1.237500e-01 0.000000e+00)
(1.242500e-01 0.000000e+00)
(1.247500e-01 0.000000e+00)
(1.252500e-01 0.000000e+00)
(1.257500e-01 0.000000e+00)
(1.262500e-01 0.000000e+00)
(1.267500e-01 0.000000e+00)
(1.272500e-01 0.000000e+00)
(1.277500e-01 0.000000e+00)
(1.282500e-01 0.000000e+00)
(1.287500e-01 0.000000e+00)
(1.292500e-01 0.000000e+00)
(1.297500e-01 0.000000e+00)
(1.302500e-01 0.000000e+00)
(1.307500e-01 0.000000e+00)
(1.312500e-01 0.000000e+00)
(1.317500e-01 0.000000e+00)
(1.322500e-01 0.000000e+00)
(1.327500e-01 0.000000e+00)
(1.332500e-01 0.000000e+00)
(1.337500e-01 0.000000e+00)
(1.342500e-01 0.000000e+00)
(1.347500e-01 0.000000e+00)
(1.352500e-01 0.000000e+00)
(1.357500e-01 0.000000e+00)
(1.362500e-01 0.000000e+00)
(1.367500e-01 0.000000e+00)
(1.372500e-01 0.000000e+00)
(1.377500e-01 0.000000e+00)
(1.382500e-01 0.000000e+00)
(1.387500e-01 0.000000e+00)
(1.392500e-01 0.000000e+00)
(1.397500e-01 0.000000e+00)
(1.402500e-01 0.000000e+00)
(1.407500e-01 0.000000e+00)
(1.412500e-01 0.000000e+00)
(1.417500e-01 0.000000e+00)
(1.422500e-01 0.000000e+00)
(1.427500e-01 0.000000e+00)
(1.432500e-01 0.000000e+00)
(1.437500e-01 0.000000e+00)
(1.442500e-01 0.000000e+00)
(1.447500e-01 0.000000e+00)
(1.452500e-01 0.000000e+00)
(1.457500e-01 0.000000e+00)
(1.462500e-01 0.000000e+00)
(1.467500e-01 0.000000e+00)
(1.472500e-01 0.000000e+00)
(1.477500e-01 0.000000e+00)
(1.482500e-01 0.000000e+00)
(1.487500e-01 0.000000e+00)
(1.492500e-01 0.000000e+00)
(1.497500e-01 0.000000e+00)
(1.502520e-01 0.000000e+00)
(1.507630e-01 0.000000e+00)
(1.512860e-01 0.000000e+00)
(1.518210e-01 0.000000e+00)
(1.523700e-01 0.000000e+00)
(1.529310e-01 0.000000e+00)
(1.535070e-01 0.000000e+00)
(1.540960e-01 0.000000e+00)
(1.546990e-01 0.000000e+00)
(1.553170e-01 0.000000e+00)
(1.559500e-01 0.000000e+00)
(1.565990e-01 0.000000e+00)
(1.572630e-01 0.000000e+00)
(1.579430e-01 0.000000e+00)
(1.586390e-01 0.000000e+00)
(1.593530e-01 0.000000e+00)
(1.600830e-01 0.000000e+00)
(1.608320e-01 0.000000e+00)
(1.615980e-01 0.000000e+00)
(1.623830e-01 0.000000e+00)
(1.631870e-01 0.000000e+00)
(1.640100e-01 0.000000e+00)
(1.648540e-01 0.000000e+00)
(1.657170e-01 0.000000e+00)
(1.666020e-01 0.000000e+00)
(1.675080e-01 0.000000e+00)
(1.684360e-01 0.000000e+00)
(1.693860e-01 0.000000e+00)
(1.703600e-01 0.000000e+00)
(1.713570e-01 0.000000e+00)
(1.723780e-01 0.000000e+00)
(1.734230e-01 0.000000e+00)
(1.744940e-01 0.000000e+00)
(1.755910e-01 0.000000e+00)
(1.767150e-01 0.000000e+00)
(1.778650e-01 0.000000e+00)
(1.790440e-01 0.000000e+00)
(1.802510e-01 0.000000e+00)
(1.814870e-01 0.000000e+00)
(1.827530e-01 0.000000e+00)
(1.840490e-01 0.000000e+00)
(1.853780e-01 0.000000e+00)
(1.867380e-01 0.000000e+00)
(1.881310e-01 0.000000e+00)
(1.895580e-01 0.000000e+00)
(1.910190e-01 0.000000e+00)
(1.925150e-01 0.000000e+00)
(1.940480e-01 0.000000e+00)
(1.956180e-01 0.000000e+00)
(1.972260e-01 0.000000e+00)
(1.988730e-01 0.000000e+00)
(2.005590e-01 0.000000e+00)
(2.022870e-01 0.000000e+00)
(2.040560e-01 0.000000e+00)
(2.058680e-01 0.000000e+00)
(2.077240e-01 0.000000e+00)
(2.096250e-01 0.000000e+00)
(2.115710e-01 0.000000e+00)
(2.135650e-01 0.000000e+00)
(2.156070e-01 0.000000e+00)
(2.176990e-01 0.000000e+00)
(2.198410e-01 0.000000e+00)
(2.220340e-01 0.000000e+00)
(2.242810e-01 0.000000e+00)
(2.265830e-01 0.000000e+00)
(2.289390e-01 0.000000e+00)
(2.313530e-01 0.000000e+00)
(2.338260e-01 0.000000e+00)
(2.363580e-01 0.000000e+00)
(2.389510e-01 0.000000e+00)
(2.416070e-01 0.000000e+00)
(2.443280e-01 0.000000e+00)
(2.471140e-01 0.000000e+00)
(2.499670e-01 0.000000e+00)
(2.528900e-01 0.000000e+00)
(2.558830e-01 0.000000e+00)
(2.589490e-01 0.000000e+00)
(2.620890e-01 0.000000e+00)
(2.653040e-01 0.000000e+00)
(2.685980e-01 0.000000e+00)
(2.719710e-01 0.000000e+00)
(2.754260e-01 0.000000e+00)
(2.789640e-01 0.000000e+00)
(2.825880e-01 0.000000e+00)
(2.863000e-01 0.000000e+00)
(2.901010e-01 0.000000e+00)
(2.939950e-01 0.000000e+00)
(2.979820e-01 0.000000e+00)
(3.020000e-01 0.000000e+00)
(3.060000e-01 0.000000e+00)
(3.100000e-01 0.000000e+00)
(3.140000e-01 0.000000e+00)
(3.180000e-01 0.000000e+00)
(3.220000e-01 0.000000e+00)
(3.260000e-01 0.000000e+00)
(3.300000e-01 0.000000e+00)
(3.340000e-01 0.000000e+00)
(3.380000e-01 0.000000e+00)
(3.420000e-01 0.000000e+00)
(3.460000e-01 0.000000e+00)
(3.500000e-01 0.000000e+00)
(3.540000e-01 0.000000e+00)
(3.580000e-01 0.000000e+00)
(3.620000e-01 0.000000e+00)
(3.660000e-01 0.000000e+00)
(3.700000e-01 0.000000e+00)
(3.740000e-01 0.000000e+00)
(3.780000e-01 0.000000e+00)
(3.820000e-01 0.000000e+00)
(3.860000e-01 0.000000e+00)
(3.900000e-01 0.000000e+00)
(3.940000e-01 0.000000e+00)
(3.980000e-01 0.000000e+00)
(4.020000e-01 0.000000e+00)
(4.060000e-01 0.000000e+00)
(4.100000e-01 0.000000e+00)
(4.140000e-01 0.000000e+00)
(4.180000e-01 0.000000e+00)
(4.220000e-01 0.000000e+00)
(4.260000e-01 0.000000e+00)
(4.300000e-01 0.000000e+00)
(4.340000e-01 0.000000e+00)
(4.380000e-01 0.000000e+00)
(4.420000e-01 0.000000e+00)
(4.460000e-01 0.000000e+00)
(4.500000e-01 0.000000e+00)
(4.540000e-01 0.000000e+00)
(4.580000e-01 0.000000e+00)
(4.620000e-01 0.000000e+00)
(4.660000e-01 0.000000e+00)
(4.700000e-01 0.000000e+00)
(4.740000e-01 0.000000e+00)
(4.780000e-01 0.000000e+00)
(4.820000e-01 0.000000e+00)
(4.860000e-01 0.000000e+00)
(4.900000e-01 0.000000e+00)
(4.940000e-01 0.000000e+00)
(4.980000e-01 0.000000e+00)
)
