(
(2.500000e-04 1.000000e-15)
(7.500000e-04 1.000000e-15)
(1.250000e-03 1.000000e-15)
(1.750000e-03 1.000000e-15)
(2.250000e-03 1.000000e-15)
(2.750000e-03 1.000000e-15)
(3.250000e-03 1.000000e-15)
(3.750000e-03 1.000000e-15)
(4.250000e-03 1.000000e-15)
(4.750000e-03 1.000000e-15)
(5.250000e-03 1.000000e-15)
(5.750000e-03 1.000000e-15)
(6.250000e-03 1.000000e-15)
(6.750000e-03 1.000000e-15)
(7.250000e-03 1.000000e-15)
(7.750000e-03 1.000000e-15)
(8.250000e-03 1.000000e-15)
(8.750000e-03 1.000000e-15)
(9.250000e-03 1.000000e-15)
(9.750000e-03 1.000000e-15)
(1.025000e-02 1.000000e-15)
(1.075000e-02 1.000000e-15)
(1.125000e-02 1.000000e-15)
(1.175000e-02 1.000000e-15)
(1.225000e-02 1.000000e-15)
(1.275000e-02 1.000000e-15)
(1.325000e-02 1.000000e-15)
(1.375000e-02 1.000000e-15)
(1.425000e-02 1.000000e-15)
(1.475000e-02 1.000000e-15)
(1.525000e-02 1.000000e-15)
(1.575000e-02 1.000000e-15)
(1.625000e-02 1.000000e-15)
(1.675000e-02 1.000000e-15)
(1.725000e-02 1.000000e-15)
(1.775000e-02 1.000000e-15)
(1.825000e-02 1.000000e-15)
(1.875000e-02 1.000000e-15)
(1.925000e-02 1.000000e-15)
(1.975000e-02 1.000000e-15)
(2.025000e-02 1.000000e-15)
(2.075000e-02 1.000000e-15)
(2.125000e-02 1.000000e-15)
(2.175000e-02 1.000000e-15)
(2.225000e-02 1.000000e-15)
(2.275000e-02 1.000000e-15)
(2.325000e-02 1.000000e-15)
(2.375000e-02 1.000000e-15)
(2.425000e-02 1.000000e-15)
(2.475000e-02 1.000000e-15)
(2.525000e-02 1.000000e-15)
(2.575000e-02 1.000000e-15)
(2.625000e-02 1.000000e-15)
(2.675000e-02 1.000000e-15)
(2.725000e-02 1.000000e-15)
(2.775000e-02 1.000000e-15)
(2.825000e-02 1.000000e-15)
(2.875000e-02 1.000000e-15)
(2.925000e-02 1.000000e-15)
(2.975000e-02 1.000000e-15)
(3.025000e-02 1.000000e-15)
(3.075000e-02 1.000000e-15)
(3.125000e-02 1.000000e-15)
(3.175000e-02 1.000000e-15)
(3.225000e-02 1.000000e-15)
(3.275000e-02 1.000000e-15)
(3.325000e-02 1.000000e-15)
(3.375000e-02 1.000000e-15)
(3.425000e-02 1.000000e-15)
(3.475000e-02 1.000000e-15)
(3.525000e-02 1.000000e-15)
(3.575000e-02 1.000000e-15)
(3.625000e-02 1.000000e-15)
(3.675000e-02 1.000000e-15)
(3.725000e-02 1.000000e-15)
(3.775000e-02 1.000000e-15)
(3.825000e-02 1.000000e-15)
(3.875000e-02 1.000000e-15)
(3.925000e-02 1.000000e-15)
(3.975000e-02 1.000000e-15)
(4.025000e-02 1.000000e-15)
(4.075000e-02 1.000000e-15)
(4.125000e-02 1.000000e-15)
(4.175000e-02 1.000000e-15)
(4.225000e-02 1.000000e-15)
(4.275000e-02 1.000000e-15)
(4.325000e-02 1.000000e-15)
(4.375000e-02 1.000000e-15)
(4.425000e-02 1.000000e-15)
(4.475000e-02 1.000000e-15)
(4.525000e-02 1.000000e-15)
(4.575000e-02 1.000000e-15)
(4.625000e-02 1.000000e-15)
(4.675000e-02 1.000000e-15)
(4.725000e-02 1.000000e-15)
(4.775000e-02 1.000000e-15)
(4.825000e-02 1.000000e-15)
(4.875000e-02 1.000000e-15)
(4.925000e-02 1.000000e-15)
(4.975000e-02 1.000000e-15)
(5.025000e-02 1.000000e-15)
(5.075000e-02 1.000000e-15)
(5.125000e-02 1.000000e-15)
(5.175000e-02 1.000000e-15)
(5.225000e-02 1.000000e-15)
(5.275000e-02 1.000000e-15)
(5.325000e-02 1.000000e-15)
(5.375000e-02 1.000000e-15)
(5.425000e-02 1.000000e-15)
(5.475000e-02 1.000000e-15)
(5.525000e-02 1.000000e-15)
(5.575000e-02 1.000000e-15)
(5.625000e-02 1.000000e-15)
(5.675000e-02 1.000000e-15)
(5.725000e-02 1.000000e-15)
(5.775000e-02 1.000000e-15)
(5.825000e-02 1.000000e-15)
(5.875000e-02 1.000000e-15)
(5.925000e-02 1.000000e-15)
(5.975000e-02 1.000000e-15)
(6.025000e-02 1.000000e-15)
(6.075000e-02 1.000000e-15)
(6.125000e-02 1.000000e-15)
(6.175000e-02 1.000000e-15)
(6.225000e-02 1.000000e-15)
(6.275000e-02 1.000000e-15)
(6.325000e-02 1.000000e-15)
(6.375000e-02 1.000000e-15)
(6.425000e-02 1.000000e-15)
(6.475000e-02 1.000000e-15)
(6.525000e-02 1.000000e-15)
(6.575000e-02 1.000000e-15)
(6.625000e-02 1.000000e-15)
(6.675000e-02 1.000000e-15)
(6.725000e-02 1.000000e-15)
(6.775000e-02 1.000000e-15)
(6.825000e-02 1.000000e-15)
(6.875000e-02 1.000000e-15)
(6.925000e-02 1.000000e-15)
(6.975000e-02 1.000000e-15)
(7.025000e-02 1.000000e-15)
(7.075000e-02 1.000000e-15)
(7.125000e-02 1.000000e-15)
(7.175000e-02 2.325810e-15)
(7.225000e-02 3.409790e-14)
(7.275000e-02 6.568400e-13)
(7.325000e-02 1.626340e-11)
(7.375000e-02 6.854160e-10)
(7.425000e-02 6.144840e-08)
(7.475000e-02 2.236200e-06)
(7.525000e-02 5.192390e-05)
(7.575000e-02 1.791060e-04)
(7.625000e-02 3.156840e-04)
(7.675000e-02 3.835120e-04)
(7.725000e-02 5.500080e-04)
(7.775000e-02 4.600830e-04)
(7.825000e-02 6.871540e-04)
(7.875000e-02 2.347020e-04)
(7.925000e-02 1.929300e-08)
(7.975000e-02 1.469950e-15)
(8.025000e-02 1.003820e-15)
(8.075000e-02 1.007860e-15)
(8.125000e-02 1.005530e-15)
(8.175000e-02 1.006050e-15)
(8.225000e-02 1.005130e-15)
(8.275000e-02 1.005010e-15)
(8.325000e-02 1.004460e-15)
(8.375000e-02 1.004270e-15)
(8.425000e-02 1.003770e-15)
(8.475000e-02 1.003510e-15)
(8.525000e-02 1.003240e-15)
(8.575000e-02 1.002870e-15)
(8.625000e-02 1.002670e-15)
(8.675000e-02 1.002310e-15)
(8.725000e-02 1.002140e-15)
(8.775000e-02 1.001810e-15)
(8.825000e-02 1.001660e-15)
(8.875000e-02 1.001370e-15)
(8.925000e-02 1.001230e-15)
(8.975000e-02 1.000980e-15)
(9.025000e-02 1.000860e-15)
(9.075000e-02 1.000650e-15)
(9.125000e-02 1.000540e-15)
(9.175000e-02 1.000380e-15)
(9.225000e-02 1.000300e-15)
(9.275000e-02 1.000180e-15)
(9.325000e-02 1.000120e-15)
(9.375000e-02 1.000050e-15)
(9.425000e-02 1.000020e-15)
(9.475000e-02 1.000000e-15)
(9.525000e-02 1.000000e-15)
(9.575000e-02 1.000000e-15)
(9.625000e-02 1.000000e-15)
(9.675000e-02 1.000000e-15)
(9.725000e-02 1.000000e-15)
(9.775000e-02 1.000000e-15)
(9.825000e-02 1.000000e-15)
(9.875000e-02 1.000000e-15)
(9.925000e-02 1.000000e-15)
(9.975000e-02 1.000000e-15)
(1.002500e-01 1.000000e-15)
(1.007500e-01 1.000000e-15)
(1.012500e-01 1.000000e-15)
(1.017500e-01 1.000000e-15)
(1.022500e-01 1.000000e-15)
(1.027500e-01 1.000000e-15)
(1.032500e-01 1.000000e-15)
(1.037500e-01 1.000000e-15)
(1.042500e-01 1.000000e-15)
(1.047500e-01 1.000000e-15)
(1.052500e-01 1.000000e-15)
(1.057500e-01 1.000000e-15)
(1.062500e-01 1.000000e-15)
(1.067500e-01 1.000000e-15)
(1.072500e-01 1.000000e-15)
(1.077500e-01 1.000000e-15)
(1.082500e-01 1.000000e-15)
(1.087500e-01 1.000000e-15)
(1.092500e-01 1.000000e-15)
(1.097500e-01 1.000000e-15)
(1.102500e-01 1.000000e-15)
(1.107500e-01 1.000000e-15)
(1.112500e-01 1.000000e-15)
(1.117500e-01 1.000000e-15)
(1.122500e-01 1.000000e-15)
(1.127500e-01 1.000000e-15)
(1.132500e-01 1.000000e-15)
(1.137500e-01 1.000000e-15)
(1.142500e-01 1.000000e-15)
(1.147500e-01 1.000000e-15)
(1.152500e-01 1.000000e-15)
(1.157500e-01 1.000000e-15)
(1.162500e-01 1.000000e-15)
(1.167500e-01 1.000000e-15)
(1.172500e-01 1.000000e-15)
(1.177500e-01 1.000000e-15)
(1.182500e-01 1.000000e-15)
(1.187500e-01 1.000000e-15)
(1.192500e-01 1.000000e-15)
(1.197500e-01 1.000000e-15)
(1.202500e-01 1.000000e-15)
(1.207500e-01 1.000000e-15)
(1.212500e-01 1.000000e-15)
(1.217500e-01 1.000000e-15)
(1.222500e-01 1.000000e-15)
(1.227500e-01 1.000000e-15)
(1.232500e-01 1.000000e-15)
(1.237500e-01 1.000000e-15)
(1.242500e-01 1.000000e-15)
(1.247500e-01 1.000000e-15)
(1.252500e-01 1.000000e-15)
(1.257500e-01 1.000000e-15)
(1.262500e-01 1.000000e-15)
(1.267500e-01 1.000000e-15)
(1.272500e-01 1.000000e-15)
(1.277500e-01 1.000000e-15)
(1.282500e-01 1.000000e-15)
(1.287500e-01 1.000000e-15)
(1.292500e-01 1.000000e-15)
(1.297500e-01 1.000000e-15)
(1.302500e-01 1.000000e-15)
(1.307500e-01 1.000000e-15)
(1.312500e-01 1.000000e-15)
(1.317500e-01 1.000000e-15)
(1.322500e-01 1.000000e-15)
(1.327500e-01 1.000000e-15)
(1.332500e-01 1.000000e-15)
(1.337500e-01 1.000000e-15)
(1.342500e-01 1.000000e-15)
(1.347500e-01 1.000000e-15)
(1.352500e-01 1.000000e-15)
(1.357500e-01 1.000000e-15)
(1.362500e-01 1.000000e-15)
(1.367500e-01 1.000000e-15)
(1.372500e-01 1.000000e-15)
(1.377500e-01 1.000000e-15)
(1.382500e-01 1.000000e-15)
(1.387500e-01 1.000000e-15)
(1.392500e-01 1.000000e-15)
(1.397500e-01 1.000000e-15)
(1.402500e-01 1.000000e-15)
(1.407500e-01 1.000000e-15)
(1.412500e-01 1.000000e-15)
(1.417500e-01 1.000000e-15)
(1.422500e-01 1.000000e-15)
(1.427500e-01 1.000000e-15)
(1.432500e-01 1.000000e-15)
(1.437500e-01 1.000000e-15)
(1.442500e-01 1.000000e-15)
(1.447500e-01 1.000000e-15)
(1.452500e-01 1.000000e-15)
(1.457500e-01 1.000000e-15)
(1.462500e-01 1.000000e-15)
(1.467500e-01 1.000000e-15)
(1.472500e-01 1.000000e-15)
(1.477500e-01 1.000000e-15)
(1.482500e-01 1.000000e-15)
(1.487500e-01 1.000000e-15)
(1.492500e-01 1.000000e-15)
(1.497500e-01 1.000000e-15)
(1.502520e-01 1.000000e-15)
(1.507630e-01 1.000000e-15)
(1.512860e-01 1.000000e-15)
(1.518210e-01 1.000000e-15)
(1.523700e-01 1.000000e-15)
(1.529310e-01 1.000000e-15)
(1.535070e-01 1.000000e-15)
(1.540960e-01 1.000000e-15)
(1.546990e-01 1.000000e-15)
(1.553170e-01 1.000000e-15)
(1.559500e-01 1.000000e-15)
(1.565990e-01 1.000000e-15)
(1.572630e-01 1.000000e-15)
(1.579430e-01 1.000000e-15)
(1.586390e-01 1.000000e-15)
(1.593530e-01 1.000000e-15)
(1.600830e-01 1.000000e-15)
(1.608320e-01 1.000000e-15)
(1.615980e-01 1.000000e-15)
(1.623830e-01 1.000000e-15)
(1.631870e-01 1.000000e-15)
(1.640100e-01 1.000000e-15)
(1.648540e-01 1.000000e-15)
(1.657170e-01 1.000000e-15)
(1.666020e-01 1.000000e-15)
(1.675080e-01 1.000000e-15)
(1.684360e-01 1.000000e-15)
(1.693860e-01 1.000000e-15)
(1.703600e-01 1.000000e-15)
(1.713570e-01 1.000000e-15)
(1.723780e-01 1.000000e-15)
(1.734230e-01 1.000000e-15)
(1.744940e-01 1.000000e-15)
(1.755910e-01 1.000000e-15)
(1.767150e-01 1.000000e-15)
(1.778650e-01 1.000000e-15)
(1.790440e-01 1.000000e-15)
(1.802510e-01 1.000000e-15)
(1.814870e-01 1.000000e-15)
(1.827530e-01 1.000000e-15)
(1.840490e-01 1.000000e-15)
(1.853780e-01 1.000000e-15)
(1.867380e-01 1.000000e-15)
(1.881310e-01 1.000000e-15)
(1.895580e-01 1.000000e-15)
(1.910190e-01 1.000000e-15)
(1.925150e-01 1.000000e-15)
(1.940480e-01 1.000000e-15)
(1.956180e-01 1.000000e-15)
(1.972260e-01 1.000000e-15)
(1.988730e-01 1.000000e-15)
(2.005590e-01 1.000000e-15)
(2.022870e-01 1.000000e-15)
(2.040560e-01 1.000000e-15)
(2.058680e-01 1.000000e-15)
(2.077240e-01 1.000000e-15)
(2.096250e-01 1.000000e-15)
(2.115710e-01 1.000000e-15)
(2.135650e-01 1.000000e-15)
(2.156070e-01 1.000000e-15)
(2.176990e-01 1.000000e-15)
(2.198410e-01 1.000000e-15)
(2.220340e-01 1.000000e-15)
(2.242810e-01 1.000000e-15)
(2.265830e-01 1.000000e-15)
(2.289390e-01 1.000000e-15)
(2.313530e-01 1.000000e-15)
(2.338260e-01 1.000000e-15)
(2.363580e-01 1.000000e-15)
(2.389510e-01 1.000000e-15)
(2.416070e-01 1.000000e-15)
(2.443280e-01 1.000000e-15)
(2.471140e-01 1.000000e-15)
(2.499670e-01 1.000000e-15)
(2.528900e-01 1.000000e-15)
(2.558830e-01 1.000000e-15)
(2.589490e-01 1.000000e-15)
(2.620890e-01 1.000000e-15)
(2.653040e-01 1.000000e-15)
(2.685980e-01 1.000000e-15)
(2.719710e-01 1.000000e-15)
(2.754260e-01 1.000000e-15)
(2.789640e-01 1.000000e-15)
(2.825880e-01 1.000000e-15)
(2.863000e-01 1.000000e-15)
(2.901010e-01 1.000000e-15)
(2.939950e-01 1.000000e-15)
(2.979820e-01 1.000000e-15)
(3.020000e-01 1.000000e-15)
(3.060000e-01 1.000000e-15)
(3.100000e-01 1.000000e-15)
(3.140000e-01 1.000000e-15)
(3.180000e-01 1.000000e-15)
(3.220000e-01 1.000000e-15)
(3.260000e-01 1.000000e-15)
(3.300000e-01 1.000000e-15)
(3.340000e-01 1.000000e-15)
(3.380000e-01 1.000000e-15)
(3.420000e-01 1.000000e-15)
(3.460000e-01 1.000000e-15)
(3.500000e-01 1.000000e-15)
(3.540000e-01 1.000000e-15)
(3.580000e-01 1.000000e-15)
(3.620000e-01 1.000000e-15)
(3.660000e-01 1.000000e-15)
(3.700000e-01 1.000000e-15)
(3.740000e-01 1.000000e-15)
(3.780000e-01 1.000000e-15)
(3.820000e-01 1.000000e-15)
(3.860000e-01 1.000000e-15)
(3.900000e-01 1.000000e-15)
(3.940000e-01 1.000000e-15)
(3.980000e-01 1.000000e-15)
(4.020000e-01 1.000000e-15)
(4.060000e-01 1.000000e-15)
(4.100000e-01 1.000000e-15)
(4.140000e-01 1.000000e-15)
(4.180000e-01 1.000000e-15)
(4.220000e-01 1.000000e-15)
(4.260000e-01 1.000000e-15)
(4.300000e-01 1.000000e-15)
(4.340000e-01 1.000000e-15)
(4.380000e-01 1.000000e-15)
(4.420000e-01 1.000000e-15)
(4.460000e-01 1.000000e-15)
(4.500000e-01 1.000000e-15)
(4.540000e-01 1.000000e-15)
(4.580000e-01 1.000000e-15)
(4.620000e-01 1.000000e-15)
(4.660000e-01 1.000000e-15)
(4.700000e-01 1.000000e-15)
(4.740000e-01 1.000000e-15)
(4.780000e-01 1.000000e-15)
(4.820000e-01 1.000000e-15)
(4.860000e-01 1.000000e-15)
(4.900000e-01 1.000000e-15)
(4.940000e-01 1.000000e-15)
(4.980000e-01 1.000000e-15)
)
