(
(2.500000e-04 2.223770e-10)
(7.500000e-04 6.615160e-10)
(1.250000e-03 1.094970e-09)
(1.750000e-03 1.522970e-09)
(2.250000e-03 1.945290e-09)
(2.750000e-03 2.362320e-09)
(3.250000e-03 2.773700e-09)
(3.750000e-03 3.179970e-09)
(4.250000e-03 3.580600e-09)
(4.750000e-03 3.976300e-09)
(5.250000e-03 4.366360e-09)
(5.750000e-03 4.751670e-09)
(6.250000e-03 5.131360e-09)
(6.750000e-03 5.506480e-09)
(7.250000e-03 5.875990e-09)
(7.750000e-03 6.241110e-09)
(8.250000e-03 6.600620e-09)
(8.750000e-03 6.955920e-09)
(9.250000e-03 7.305630e-09)
(9.750000e-03 7.651310e-09)
(1.025000e-02 7.991400e-09)
(1.075000e-02 8.327630e-09)
(1.125000e-02 8.658290e-09)
(1.175000e-02 8.985280e-09)
(1.225000e-02 9.306680e-09)
(1.275000e-02 9.624600e-09)
(1.325000e-02 9.936940e-09)
(1.375000e-02 1.024600e-08)
(1.425000e-02 1.054940e-08)
(1.475000e-02 1.084980e-08)
(1.525000e-02 1.114450e-08)
(1.575000e-02 1.143640e-08)
(1.625000e-02 1.172260e-08)
(1.675000e-02 1.200610e-08)
(1.725000e-02 1.228400e-08)
(1.775000e-02 1.255930e-08)
(1.825000e-02 1.282900e-08)
(1.875000e-02 1.309640e-08)
(1.925000e-02 1.335810e-08)
(1.975000e-02 1.361770e-08)
(2.025000e-02 1.387160e-08)
(2.075000e-02 1.412350e-08)
(2.125000e-02 1.436980e-08)
(2.175000e-02 1.461430e-08)
(2.225000e-02 1.485310e-08)
(2.275000e-02 1.509030e-08)
(2.325000e-02 1.532180e-08)
(2.375000e-02 1.555180e-08)
(2.425000e-02 1.577620e-08)
(2.475000e-02 1.599930e-08)
(2.525000e-02 1.621670e-08)
(2.575000e-02 1.643300e-08)
(2.625000e-02 1.664360e-08)
(2.675000e-02 1.685330e-08)
(2.725000e-02 1.705730e-08)
(2.775000e-02 1.726050e-08)
(2.825000e-02 1.745790e-08)
(2.875000e-02 1.765490e-08)
(2.925000e-02 1.784600e-08)
(2.975000e-02 1.803680e-08)
(3.025000e-02 1.822170e-08)
(3.075000e-02 1.840660e-08)
(3.125000e-02 1.858540e-08)
(3.175000e-02 1.876440e-08)
(3.225000e-02 1.893740e-08)
(3.275000e-02 1.911070e-08)
(3.325000e-02 1.927800e-08)
(3.375000e-02 1.944580e-08)
(3.425000e-02 1.960740e-08)
(3.475000e-02 1.976980e-08)
(3.525000e-02 1.992600e-08)
(3.575000e-02 2.008310e-08)
(3.625000e-02 2.023400e-08)
(3.675000e-02 2.038600e-08)
(3.725000e-02 2.053170e-08)
(3.775000e-02 2.067880e-08)
(3.825000e-02 2.081940e-08)
(3.875000e-02 2.096170e-08)
(3.925000e-02 2.109740e-08)
(3.975000e-02 2.123490e-08)
(4.025000e-02 2.136580e-08)
(4.075000e-02 2.149880e-08)
(4.125000e-02 2.162510e-08)
(4.175000e-02 2.175360e-08)
(4.225000e-02 2.187530e-08)
(4.275000e-02 2.199950e-08)
(4.325000e-02 2.211680e-08)
(4.375000e-02 2.223670e-08)
(4.425000e-02 2.234970e-08)
(4.475000e-02 2.246560e-08)
(4.525000e-02 2.257440e-08)
(4.575000e-02 2.268630e-08)
(4.625000e-02 2.279100e-08)
(4.675000e-02 2.289900e-08)
(4.725000e-02 2.299980e-08)
(4.775000e-02 2.310400e-08)
(4.825000e-02 2.320090e-08)
(4.875000e-02 2.330150e-08)
(4.925000e-02 2.339460e-08)
(4.975000e-02 2.349170e-08)
(5.025000e-02 2.358110e-08)
(5.075000e-02 2.367470e-08)
(5.125000e-02 2.376060e-08)
(5.175000e-02 2.385080e-08)
(5.225000e-02 2.393320e-08)
(5.275000e-02 2.402010e-08)
(5.325000e-02 2.409910e-08)
(5.375000e-02 2.418290e-08)
(5.425000e-02 2.425860e-08)
(5.475000e-02 2.433920e-08)
(5.525000e-02 2.441170e-08)
(5.575000e-02 2.448930e-08)
(5.625000e-02 2.455860e-08)
(5.675000e-02 2.463330e-08)
(5.725000e-02 2.469960e-08)
(5.775000e-02 2.477140e-08)
(5.825000e-02 2.483460e-08)
(5.875000e-02 2.490360e-08)
(5.925000e-02 2.496400e-08)
(5.975000e-02 2.503020e-08)
(6.025000e-02 2.508770e-08)
(6.075000e-02 2.515130e-08)
(6.125000e-02 2.520600e-08)
(6.175000e-02 2.526700e-08)
(6.225000e-02 2.531890e-08)
(6.275000e-02 2.537730e-08)
(6.325000e-02 2.542660e-08)
(6.375000e-02 2.548250e-08)
(6.425000e-02 2.552920e-08)
(6.475000e-02 2.558260e-08)
(6.525000e-02 2.562670e-08)
(6.575000e-02 2.567770e-08)
(6.625000e-02 2.571930e-08)
(6.675000e-02 2.576800e-08)
(6.725000e-02 2.580710e-08)
(6.775000e-02 2.585340e-08)
(6.825000e-02 2.589010e-08)
(6.875000e-02 2.593410e-08)
(6.925000e-02 2.596840e-08)
(6.975000e-02 2.601010e-08)
(7.025000e-02 2.604210e-08)
(7.075000e-02 2.608160e-08)
(7.125000e-02 2.611120e-08)
(7.175000e-02 2.614840e-08)
(7.225000e-02 2.617580e-08)
(7.275000e-02 2.621080e-08)
(7.325000e-02 2.623590e-08)
(7.375000e-02 2.626870e-08)
(7.425000e-02 2.629480e-08)
(7.475000e-02 2.636220e-08)
(7.525000e-02 1.353760e-02)
(7.575000e-02 8.061210e-02)
(7.625000e-02 9.864390e-02)
(7.675000e-02 1.027950e-01)
(7.725000e-02 1.035820e-01)
(7.775000e-02 1.030900e-01)
(7.825000e-02 1.023290e-01)
(7.875000e-02 9.814470e-02)
(7.925000e-02 9.598680e-02)
(7.975000e-02 9.266750e-02)
(8.025000e-02 8.938110e-02)
(8.075000e-02 8.631510e-02)
(8.125000e-02 8.293260e-02)
(8.175000e-02 7.966200e-02)
(8.225000e-02 7.618010e-02)
(8.275000e-02 7.277420e-02)
(8.325000e-02 6.926500e-02)
(8.375000e-02 6.578960e-02)
(8.425000e-02 6.228480e-02)
(8.475000e-02 5.879850e-02)
(8.525000e-02 5.532120e-02)
(8.575000e-02 5.186690e-02)
(8.625000e-02 4.844120e-02)
(8.675000e-02 4.504970e-02)
(8.725000e-02 4.169990e-02)
(8.775000e-02 3.839660e-02)
(8.825000e-02 3.514640e-02)
(8.875000e-02 3.195450e-02)
(8.925000e-02 2.882700e-02)
(8.975000e-02 2.576970e-02)
(9.025000e-02 2.278850e-02)
(9.075000e-02 1.988960e-02)
(9.125000e-02 1.707940e-02)
(9.175000e-02 1.436440e-02)
(9.225000e-02 1.175140e-02)
(9.275000e-02 9.247240e-03)
(9.325000e-02 6.859130e-03)
(9.375000e-02 4.594140e-03)
(9.425000e-02 2.459300e-03)
(9.475000e-02 4.613760e-04)
(9.525000e-02 -1.393380e-03)
(9.575000e-02 -3.099510e-03)
(9.625000e-02 -4.652670e-03)
(9.675000e-02 -6.049990e-03)
(9.725000e-02 -7.290400e-03)
(9.775000e-02 -8.374940e-03)
(9.825000e-02 -9.306930e-03)
(9.875000e-02 -1.009200e-02)
(9.925000e-02 -1.073790e-02)
(9.975000e-02 -1.125430e-02)
(1.002500e-01 -1.165210e-02)
(1.007500e-01 -1.194340e-02)
(1.012500e-01 -1.213810e-02)
(1.017500e-01 -1.223450e-02)
(1.022500e-01 -1.226900e-02)
(1.027500e-01 -1.225760e-02)
(1.032500e-01 -1.217200e-02)
(1.037500e-01 -1.204710e-02)
(1.042500e-01 -1.188150e-02)
(1.047500e-01 -1.168290e-02)
(1.052500e-01 -1.145710e-02)
(1.057500e-01 -1.120830e-02)
(1.062500e-01 -1.094090e-02)
(1.067500e-01 -1.065840e-02)
(1.072500e-01 -1.036430e-02)
(1.077500e-01 -1.006140e-02)
(1.082500e-01 -9.752340e-03)
(1.087500e-01 -9.439580e-03)
(1.092500e-01 -9.125230e-03)
(1.097500e-01 -8.811280e-03)
(1.102500e-01 -8.499510e-03)
(1.107500e-01 -8.191530e-03)
(1.112500e-01 -7.888820e-03)
(1.117500e-01 -7.592710e-03)
(1.122500e-01 -7.304390e-03)
(1.127500e-01 -7.024940e-03)
(1.132500e-01 -6.755280e-03)
(1.137500e-01 -6.496260e-03)
(1.142500e-01 -6.248580e-03)
(1.147500e-01 -6.012830e-03)
(1.152500e-01 -5.789500e-03)
(1.157500e-01 -5.578970e-03)
(1.162500e-01 -5.381490e-03)
(1.167500e-01 -5.197240e-03)
(1.172500e-01 -5.026280e-03)
(1.177500e-01 -4.868580e-03)
(1.182500e-01 -4.724020e-03)
(1.187500e-01 -4.592370e-03)
(1.192500e-01 -4.473360e-03)
(1.197500e-01 -4.366620e-03)
(1.202500e-01 -4.271700e-03)
(1.207500e-01 -4.188140e-03)
(1.212500e-01 -4.115380e-03)
(1.217500e-01 -4.052850e-03)
(1.222500e-01 -3.999930e-03)
(1.227500e-01 -3.955990e-03)
(1.232500e-01 -3.920370e-03)
(1.237500e-01 -3.892390e-03)
(1.242500e-01 -3.871380e-03)
(1.247500e-01 -3.856650e-03)
(1.252500e-01 -3.848840e-03)
(1.257500e-01 -3.845580e-03)
(1.262500e-01 -3.845130e-03)
(1.267500e-01 -3.850510e-03)
(1.272500e-01 -3.858340e-03)
(1.277500e-01 -3.869540e-03)
(1.282500e-01 -3.882910e-03)
(1.287500e-01 -3.898320e-03)
(1.292500e-01 -3.915230e-03)
(1.297500e-01 -3.933300e-03)
(1.302500e-01 -3.952180e-03)
(1.307500e-01 -3.971560e-03)
(1.312500e-01 -3.991160e-03)
(1.317500e-01 -4.010720e-03)
(1.322500e-01 -4.030050e-03)
(1.327500e-01 -4.048950e-03)
(1.332500e-01 -4.067270e-03)
(1.337500e-01 -4.084880e-03)
(1.342500e-01 -4.101660e-03)
(1.347500e-01 -4.117540e-03)
(1.352500e-01 -4.132460e-03)
(1.357500e-01 -4.146360e-03)
(1.362500e-01 -4.159240e-03)
(1.367500e-01 -4.171070e-03)
(1.372500e-01 -4.181870e-03)
(1.377500e-01 -4.191640e-03)
(1.382500e-01 -4.200410e-03)
(1.387500e-01 -4.208230e-03)
(1.392500e-01 -4.215130e-03)
(1.397500e-01 -4.221160e-03)
(1.402500e-01 -4.226370e-03)
(1.407500e-01 -4.230820e-03)
(1.412500e-01 -4.234560e-03)
(1.417500e-01 -4.237660e-03)
(1.422500e-01 -4.240180e-03)
(1.427500e-01 -4.242160e-03)
(1.432500e-01 -4.243680e-03)
(1.437500e-01 -4.244780e-03)
(1.442500e-01 -4.245520e-03)
(1.447500e-01 -4.245890e-03)
(1.452500e-01 -4.246020e-03)
(1.457500e-01 -4.246020e-03)
(1.462500e-01 -4.245730e-03)
(1.467500e-01 -4.245350e-03)
(1.472500e-01 -4.244830e-03)
(1.477500e-01 -4.244240e-03)
(1.482500e-01 -4.243590e-03)
(1.487500e-01 -4.242910e-03)
(1.492500e-01 -4.242230e-03)
(1.497500e-01 -4.241540e-03)
(1.502520e-01 -4.240880e-03)
(1.507630e-01 -4.240230e-03)
(1.512860e-01 -4.239620e-03)
(1.518210e-01 -4.239060e-03)
(1.523700e-01 -4.238540e-03)
(1.529310e-01 -4.238100e-03)
(1.535070e-01 -4.237720e-03)
(1.540960e-01 -4.237420e-03)
(1.546990e-01 -4.237200e-03)
(1.553170e-01 -4.237080e-03)
(1.559500e-01 -4.237040e-03)
(1.565990e-01 -4.237060e-03)
(1.572630e-01 -4.237190e-03)
(1.579430e-01 -4.237380e-03)
(1.586390e-01 -4.237650e-03)
(1.593530e-01 -4.237990e-03)
(1.600830e-01 -4.238380e-03)
(1.608320e-01 -4.238820e-03)
(1.615980e-01 -4.239300e-03)
(1.623830e-01 -4.239820e-03)
(1.631870e-01 -4.240360e-03)
(1.640100e-01 -4.240910e-03)
(1.648540e-01 -4.241470e-03)
(1.657170e-01 -4.242030e-03)
(1.666020e-01 -4.242580e-03)
(1.675080e-01 -4.243130e-03)
(1.684360e-01 -4.243660e-03)
(1.693860e-01 -4.244180e-03)
(1.703600e-01 -4.244680e-03)
(1.713570e-01 -4.245160e-03)
(1.723780e-01 -4.245620e-03)
(1.734230e-01 -4.246070e-03)
(1.744940e-01 -4.246490e-03)
(1.755910e-01 -4.246890e-03)
(1.767150e-01 -4.247270e-03)
(1.778650e-01 -4.247630e-03)
(1.790440e-01 -4.247960e-03)
(1.802510e-01 -4.248270e-03)
(1.814870e-01 -4.248560e-03)
(1.827530e-01 -4.248810e-03)
(1.840490e-01 -4.249030e-03)
(1.853780e-01 -4.249210e-03)
(1.867380e-01 -4.249360e-03)
(1.881310e-01 -4.249450e-03)
(1.895580e-01 -4.249480e-03)
(1.910190e-01 -4.249480e-03)
(1.925150e-01 -4.249410e-03)
(1.940480e-01 -4.249270e-03)
(1.956180e-01 -4.249060e-03)
(1.972260e-01 -4.248780e-03)
(1.988730e-01 -4.248410e-03)
(2.005590e-01 -4.247960e-03)
(2.022870e-01 -4.247410e-03)
(2.040560e-01 -4.246760e-03)
(2.058680e-01 -4.246010e-03)
(2.077240e-01 -4.245140e-03)
(2.096250e-01 -4.244150e-03)
(2.115710e-01 -4.243040e-03)
(2.135650e-01 -4.241800e-03)
(2.156070e-01 -4.240420e-03)
(2.176990e-01 -4.238910e-03)
(2.198410e-01 -4.237240e-03)
(2.220340e-01 -4.235430e-03)
(2.242810e-01 -4.233470e-03)
(2.265830e-01 -4.231360e-03)
(2.289390e-01 -4.229090e-03)
(2.313530e-01 -4.226670e-03)
(2.338260e-01 -4.224100e-03)
(2.363580e-01 -4.221400e-03)
(2.389510e-01 -4.218570e-03)
(2.416070e-01 -4.215630e-03)
(2.443280e-01 -4.212610e-03)
(2.471140e-01 -4.209550e-03)
(2.499670e-01 -4.206470e-03)
(2.528900e-01 -4.203450e-03)
(2.558830e-01 -4.200570e-03)
(2.589490e-01 -4.197910e-03)
(2.620890e-01 -4.195610e-03)
(2.653040e-01 -4.193760e-03)
(2.685980e-01 -4.192440e-03)
(2.719710e-01 -4.191620e-03)
(2.754260e-01 -4.191170e-03)
(2.789640e-01 -4.190960e-03)
(2.825880e-01 -4.190870e-03)
(2.863000e-01 -4.190830e-03)
(2.901010e-01 -4.190810e-03)
(2.939950e-01 -4.190800e-03)
(2.979820e-01 -4.190800e-03)
(3.020000e-01 -4.190800e-03)
(3.060000e-01 -4.190800e-03)
(3.100000e-01 -4.190800e-03)
(3.140000e-01 -4.190800e-03)
(3.180000e-01 -4.190800e-03)
(3.220000e-01 -4.190800e-03)
(3.260000e-01 -4.190800e-03)
(3.300000e-01 -4.190800e-03)
(3.340000e-01 -4.190800e-03)
(3.380000e-01 -4.190800e-03)
(3.420000e-01 -4.190800e-03)
(3.460000e-01 -4.190800e-03)
(3.500000e-01 -4.190800e-03)
(3.540000e-01 -4.190800e-03)
(3.580000e-01 -4.190800e-03)
(3.620000e-01 -4.190800e-03)
(3.660000e-01 -4.190800e-03)
(3.700000e-01 -4.190800e-03)
(3.740000e-01 -4.190800e-03)
(3.780000e-01 -4.190800e-03)
(3.820000e-01 -4.190800e-03)
(3.860000e-01 -4.190800e-03)
(3.900000e-01 -4.190800e-03)
(3.940000e-01 -4.190800e-03)
(3.980000e-01 -4.190800e-03)
(4.020000e-01 -4.190800e-03)
(4.060000e-01 -4.190800e-03)
(4.100000e-01 -4.190800e-03)
(4.140000e-01 -4.190800e-03)
(4.180000e-01 -4.190800e-03)
(4.220000e-01 -4.190800e-03)
(4.260000e-01 -4.190800e-03)
(4.300000e-01 -4.190800e-03)
(4.340000e-01 -4.190800e-03)
(4.380000e-01 -4.190800e-03)
(4.420000e-01 -4.190800e-03)
(4.460000e-01 -4.190800e-03)
(4.500000e-01 -4.190800e-03)
(4.540000e-01 -4.190800e-03)
(4.580000e-01 -4.190800e-03)
(4.620000e-01 -4.190800e-03)
(4.660000e-01 -4.190800e-03)
(4.700000e-01 -4.190800e-03)
(4.740000e-01 -4.190800e-03)
(4.780000e-01 -4.190820e-03)
(4.820000e-01 -4.190960e-03)
(4.860000e-01 -4.192360e-03)
(4.900000e-01 -4.205420e-03)
(4.940000e-01 -4.318720e-03)
(4.980000e-01 -5.259090e-03)
)
