(
(2.500000e-04 3.106270e-04)
(7.500000e-04 3.119740e-04)
(1.250000e-03 3.120410e-04)
(1.750000e-03 3.121070e-04)
(2.250000e-03 3.121730e-04)
(2.750000e-03 3.122420e-04)
(3.250000e-03 3.123110e-04)
(3.750000e-03 3.123790e-04)
(4.250000e-03 3.124480e-04)
(4.750000e-03 3.125170e-04)
(5.250000e-03 3.125890e-04)
(5.750000e-03 3.126600e-04)
(6.250000e-03 3.127290e-04)
(6.750000e-03 3.128030e-04)
(7.250000e-03 3.128750e-04)
(7.750000e-03 3.129460e-04)
(8.250000e-03 3.130200e-04)
(8.750000e-03 3.130950e-04)
(9.250000e-03 3.131690e-04)
(9.750000e-03 3.132430e-04)
(1.025000e-02 3.133200e-04)
(1.075000e-02 3.133970e-04)
(1.125000e-02 3.134740e-04)
(1.175000e-02 3.135500e-04)
(1.225000e-02 3.136270e-04)
(1.275000e-02 3.137070e-04)
(1.325000e-02 3.137870e-04)
(1.375000e-02 3.138660e-04)
(1.425000e-02 3.139480e-04)
(1.475000e-02 3.140280e-04)
(1.525000e-02 3.141100e-04)
(1.575000e-02 3.141930e-04)
(1.625000e-02 3.142770e-04)
(1.675000e-02 3.143600e-04)
(1.725000e-02 3.144450e-04)
(1.775000e-02 3.145320e-04)
(1.825000e-02 3.146170e-04)
(1.875000e-02 3.147050e-04)
(1.925000e-02 3.147930e-04)
(1.975000e-02 3.148830e-04)
(2.025000e-02 3.149740e-04)
(2.075000e-02 3.150640e-04)
(2.125000e-02 3.151540e-04)
(2.175000e-02 3.152470e-04)
(2.225000e-02 3.153410e-04)
(2.275000e-02 3.154340e-04)
(2.325000e-02 3.155240e-04)
(2.375000e-02 3.156170e-04)
(2.425000e-02 3.157110e-04)
(2.475000e-02 3.158070e-04)
(2.525000e-02 3.159050e-04)
(2.575000e-02 3.160090e-04)
(2.625000e-02 3.161180e-04)
(2.675000e-02 3.162330e-04)
(2.725000e-02 3.163520e-04)
(2.775000e-02 3.164670e-04)
(2.825000e-02 3.165760e-04)
(2.875000e-02 3.166670e-04)
(2.925000e-02 3.167450e-04)
(2.975000e-02 3.168070e-04)
(3.025000e-02 3.168580e-04)
(3.075000e-02 3.169070e-04)
(3.125000e-02 3.169530e-04)
(3.175000e-02 3.169990e-04)
(3.225000e-02 3.170460e-04)
(3.275000e-02 3.170920e-04)
(3.325000e-02 3.171380e-04)
(3.375000e-02 3.171840e-04)
(3.425000e-02 3.172330e-04)
(3.475000e-02 3.172790e-04)
(3.525000e-02 3.173250e-04)
(3.575000e-02 3.173710e-04)
(3.625000e-02 3.174180e-04)
(3.675000e-02 3.174670e-04)
(3.725000e-02 3.175130e-04)
(3.775000e-02 3.175590e-04)
(3.825000e-02 3.176080e-04)
(3.875000e-02 3.176540e-04)
(3.925000e-02 3.177000e-04)
(3.975000e-02 3.177470e-04)
(4.025000e-02 3.177950e-04)
(4.075000e-02 3.178420e-04)
(4.125000e-02 3.178880e-04)
(4.175000e-02 3.179370e-04)
(4.225000e-02 3.179830e-04)
(4.275000e-02 3.180320e-04)
(4.325000e-02 3.180780e-04)
(4.375000e-02 3.181250e-04)
(4.425000e-02 3.181740e-04)
(4.475000e-02 3.182200e-04)
(4.525000e-02 3.182690e-04)
(4.575000e-02 3.183150e-04)
(4.625000e-02 3.183640e-04)
(4.675000e-02 3.184130e-04)
(4.725000e-02 3.184600e-04)
(4.775000e-02 3.185080e-04)
(4.825000e-02 3.185570e-04)
(4.875000e-02 3.186040e-04)
(4.925000e-02 3.186550e-04)
(4.975000e-02 3.187020e-04)
(5.025000e-02 3.187510e-04)
(5.075000e-02 3.188030e-04)
(5.125000e-02 3.188540e-04)
(5.175000e-02 3.189060e-04)
(5.225000e-02 3.189580e-04)
(5.275000e-02 3.190090e-04)
(5.325000e-02 3.190660e-04)
(5.375000e-02 3.191230e-04)
(5.425000e-02 3.191830e-04)
(5.475000e-02 3.192460e-04)
(5.525000e-02 3.193130e-04)
(5.575000e-02 3.193860e-04)
(5.625000e-02 3.194650e-04)
(5.675000e-02 3.195540e-04)
(5.725000e-02 3.196540e-04)
(5.775000e-02 3.197670e-04)
(5.825000e-02 3.198990e-04)
(5.875000e-02 3.200520e-04)
(5.925000e-02 3.202400e-04)
(5.975000e-02 3.204630e-04)
(6.025000e-02 3.207340e-04)
(6.075000e-02 3.210670e-04)
(6.125000e-02 3.214810e-04)
(6.175000e-02 3.220030e-04)
(6.225000e-02 3.226650e-04)
(6.275000e-02 3.235130e-04)
(6.325000e-02 3.246090e-04)
(6.375000e-02 3.260250e-04)
(6.425000e-02 3.278680e-04)
(6.475000e-02 3.302940e-04)
(6.525000e-02 3.335110e-04)
(6.575000e-02 3.360590e-04)
(6.625000e-02 3.361730e-04)
(6.675000e-02 3.357670e-04)
(6.725000e-02 3.362510e-04)
(6.775000e-02 3.373250e-04)
(6.825000e-02 3.381930e-04)
(6.875000e-02 3.389710e-04)
(6.925000e-02 3.398820e-04)
(6.975000e-02 3.409200e-04)
(7.025000e-02 3.420440e-04)
(7.075000e-02 3.432600e-04)
(7.125000e-02 3.446320e-04)
(7.175000e-02 3.462880e-04)
(7.225000e-02 3.483550e-04)
(7.275000e-02 3.506110e-04)
(7.325000e-02 3.529480e-04)
(7.375000e-02 3.572110e-04)
(7.425000e-02 3.668150e-04)
(7.475000e-02 5.471230e-04)
(7.525000e-02 4.181310e-02)
(7.575000e-02 9.318510e-02)
(7.625000e-02 1.047260e-01)
(7.675000e-02 1.080950e-01)
(7.725000e-02 1.088180e-01)
(7.775000e-02 1.082890e-01)
(7.825000e-02 1.070000e-01)
(7.875000e-02 1.051860e-01)
(7.925000e-02 1.029820e-01)
(7.975000e-02 1.004770e-01)
(8.025000e-02 9.773840e-02)
(8.075000e-02 9.481510e-02)
(8.125000e-02 9.174660e-02)
(8.175000e-02 8.856440e-02)
(8.225000e-02 8.529410e-02)
(8.275000e-02 8.195680e-02)
(8.325000e-02 7.857030e-02)
(8.375000e-02 7.514930e-02)
(8.425000e-02 7.170670e-02)
(8.475000e-02 6.825360e-02)
(8.525000e-02 6.479950e-02)
(8.575000e-02 6.135310e-02)
(8.625000e-02 5.792220e-02)
(8.675000e-02 5.451380e-02)
(8.725000e-02 5.113470e-02)
(8.775000e-02 4.779090e-02)
(8.825000e-02 4.448850e-02)
(8.875000e-02 4.123330e-02)
(8.925000e-02 3.803090e-02)
(8.975000e-02 3.488700e-02)
(9.025000e-02 3.180730e-02)
(9.075000e-02 2.879750e-02)
(9.125000e-02 2.586380e-02)
(9.175000e-02 2.301210e-02)
(9.225000e-02 2.024890e-02)
(9.275000e-02 1.758070e-02)
(9.325000e-02 1.501440e-02)
(9.375000e-02 1.255700e-02)
(9.425000e-02 1.021590e-02)
(9.475000e-02 7.998310e-03)
(9.525000e-02 5.911520e-03)
(9.575000e-02 3.962580e-03)
(9.625000e-02 2.158000e-03)
(9.675000e-02 5.034780e-04)
(9.725000e-02 -9.965210e-04)
(9.775000e-02 -2.339170e-03)
(9.825000e-02 -3.523670e-03)
(9.875000e-02 -4.551590e-03)
(9.925000e-02 -5.427020e-03)
(9.975000e-02 -6.156530e-03)
(1.002500e-01 -6.748900e-03)
(1.007500e-01 -7.214660e-03)
(1.012500e-01 -7.565470e-03)
(1.017500e-01 -7.813490e-03)
(1.022500e-01 -7.970790e-03)
(1.027500e-01 -8.048880e-03)
(1.032500e-01 -8.058420e-03)
(1.037500e-01 -8.009030e-03)
(1.042500e-01 -7.909280e-03)
(1.047500e-01 -7.766710e-03)
(1.052500e-01 -7.587900e-03)
(1.057500e-01 -7.378630e-03)
(1.062500e-01 -7.143930e-03)
(1.067500e-01 -6.888230e-03)
(1.072500e-01 -6.615460e-03)
(1.077500e-01 -6.329080e-03)
(1.082500e-01 -6.032210e-03)
(1.087500e-01 -5.727640e-03)
(1.092500e-01 -5.417900e-03)
(1.097500e-01 -5.105270e-03)
(1.102500e-01 -4.791830e-03)
(1.107500e-01 -4.479460e-03)
(1.112500e-01 -4.169880e-03)
(1.117500e-01 -3.864650e-03)
(1.122500e-01 -3.565190e-03)
(1.127500e-01 -3.272760e-03)
(1.132500e-01 -2.988530e-03)
(1.137500e-01 -2.713510e-03)
(1.142500e-01 -2.448600e-03)
(1.147500e-01 -2.194590e-03)
(1.152500e-01 -1.952140e-03)
(1.157500e-01 -1.721810e-03)
(1.162500e-01 -1.504040e-03)
(1.167500e-01 -1.299180e-03)
(1.172500e-01 -1.107450e-03)
(1.177500e-01 -9.289760e-04)
(1.182500e-01 -7.637920e-04)
(1.187500e-01 -6.118270e-04)
(1.192500e-01 -4.729220e-04)
(1.197500e-01 -3.468350e-04)
(1.202500e-01 -2.332420e-04)
(1.207500e-01 -1.317510e-04)
(1.212500e-01 -4.190350e-05)
(1.217500e-01 3.681100e-05)
(1.222500e-01 1.049510e-04)
(1.227500e-01 1.631120e-04)
(1.232500e-01 2.119180e-04)
(1.237500e-01 2.520140e-04)
(1.242500e-01 2.840550e-04)
(1.247500e-01 3.087020e-04)
(1.252500e-01 3.266110e-04)
(1.257500e-01 3.384320e-04)
(1.262500e-01 3.447960e-04)
(1.267500e-01 3.463180e-04)
(1.272500e-01 3.435870e-04)
(1.277500e-01 3.371650e-04)
(1.282500e-01 3.275870e-04)
(1.287500e-01 3.153520e-04)
(1.292500e-01 3.009290e-04)
(1.297500e-01 2.847510e-04)
(1.302500e-01 2.672190e-04)
(1.307500e-01 2.486960e-04)
(1.312500e-01 2.295130e-04)
(1.317500e-01 2.099660e-04)
(1.322500e-01 1.903190e-04)
(1.327500e-01 1.708050e-04)
(1.332500e-01 1.516240e-04)
(1.337500e-01 1.329490e-04)
(1.342500e-01 1.149250e-04)
(1.347500e-01 9.767150e-05)
(1.352500e-01 8.128320e-05)
(1.357500e-01 6.583320e-05)
(1.362500e-01 5.137420e-05)
(1.367500e-01 3.794020e-05)
(1.372500e-01 2.554880e-05)
(1.377500e-01 1.420280e-05)
(1.382500e-01 3.891890e-06)
(1.387500e-01 -5.405280e-06)
(1.392500e-01 -1.371980e-05)
(1.397500e-01 -2.109060e-05)
(1.402500e-01 -2.756320e-05)
(1.407500e-01 -3.318810e-05)
(1.412500e-01 -3.801970e-05)
(1.417500e-01 -4.211510e-05)
(1.422500e-01 -4.553270e-05)
(1.427500e-01 -4.833170e-05)
(1.432500e-01 -5.057110e-05)
(1.437500e-01 -5.230870e-05)
(1.442500e-01 -5.360110e-05)
(1.447500e-01 -5.450240e-05)
(1.452500e-01 -5.506440e-05)
(1.457500e-01 -5.533580e-05)
(1.462500e-01 -5.536250e-05)
(1.467500e-01 -5.518670e-05)
(1.472500e-01 -5.484730e-05)
(1.477500e-01 -5.437990e-05)
(1.482500e-01 -5.381630e-05)
(1.487500e-01 -5.318510e-05)
(1.492500e-01 -5.251130e-05)
(1.497500e-01 -5.181690e-05)
(1.502520e-01 -5.111770e-05)
(1.507630e-01 -5.042220e-05)
(1.512860e-01 -4.974060e-05)
(1.518210e-01 -4.908800e-05)
(1.523700e-01 -4.847820e-05)
(1.529310e-01 -4.792350e-05)
(1.535070e-01 -4.743470e-05)
(1.540960e-01 -4.702100e-05)
(1.546990e-01 -4.668930e-05)
(1.553170e-01 -4.644470e-05)
(1.559500e-01 -4.629030e-05)
(1.565990e-01 -4.622710e-05)
(1.572630e-01 -4.625400e-05)
(1.579430e-01 -4.636820e-05)
(1.586390e-01 -4.656480e-05)
(1.593530e-01 -4.683790e-05)
(1.600830e-01 -4.717980e-05)
(1.608320e-01 -4.758230e-05)
(1.615980e-01 -4.803610e-05)
(1.623830e-01 -4.853180e-05)
(1.631870e-01 -4.905990e-05)
(1.640100e-01 -4.961130e-05)
(1.648540e-01 -5.017720e-05)
(1.657170e-01 -5.074970e-05)
(1.666020e-01 -5.132200e-05)
(1.675080e-01 -5.188800e-05)
(1.684360e-01 -5.244310e-05)
(1.693860e-01 -5.298370e-05)
(1.703600e-01 -5.350700e-05)
(1.713570e-01 -5.401130e-05)
(1.723780e-01 -5.449570e-05)
(1.734230e-01 -5.495950e-05)
(1.744940e-01 -5.540260e-05)
(1.755910e-01 -5.582470e-05)
(1.767150e-01 -5.622550e-05)
(1.778650e-01 -5.660440e-05)
(1.790440e-01 -5.696050e-05)
(1.802510e-01 -5.729200e-05)
(1.814870e-01 -5.759690e-05)
(1.827530e-01 -5.787250e-05)
(1.840490e-01 -5.811560e-05)
(1.853780e-01 -5.832260e-05)
(1.867380e-01 -5.848930e-05)
(1.881310e-01 -5.861140e-05)
(1.895580e-01 -5.868420e-05)
(1.910190e-01 -5.870290e-05)
(1.925150e-01 -5.866220e-05)
(1.940480e-01 -5.855710e-05)
(1.956180e-01 -5.838200e-05)
(1.972260e-01 -5.813150e-05)
(1.988730e-01 -5.779970e-05)
(2.005590e-01 -5.738070e-05)
(2.022870e-01 -5.686860e-05)
(2.040560e-01 -5.625720e-05)
(2.058680e-01 -5.554020e-05)
(2.077240e-01 -5.471140e-05)
(2.096250e-01 -5.376460e-05)
(2.115710e-01 -5.269360e-05)
(2.135650e-01 -5.149230e-05)
(2.156070e-01 -5.015530e-05)
(2.176990e-01 -4.867700e-05)
(2.198410e-01 -4.705300e-05)
(2.220340e-01 -4.527900e-05)
(2.242810e-01 -4.335200e-05)
(2.265830e-01 -4.127020e-05)
(2.289390e-01 -3.903320e-05)
(2.313530e-01 -3.664260e-05)
(2.338260e-01 -3.410240e-05)
(2.363580e-01 -3.141980e-05)
(2.389510e-01 -2.860590e-05)
(2.416070e-01 -2.567700e-05)
(2.443280e-01 -2.265610e-05)
(2.471140e-01 -1.957430e-05)
(2.499670e-01 -1.647420e-05)
(2.528900e-01 -1.341240e-05)
(2.558830e-01 -1.046340e-05)
(2.589490e-01 -7.722670e-06)
(2.620890e-01 -5.305510e-06)
(2.653040e-01 -3.331930e-06)
(2.685980e-01 -1.886120e-06)
(2.719710e-01 -9.607150e-07)
(2.754260e-01 -4.457350e-07)
(2.789640e-01 -1.917050e-07)
(2.825880e-01 -7.749850e-08)
(2.863000e-01 -2.967870e-08)
(2.901010e-01 -1.080260e-08)
(2.939950e-01 -3.740090e-09)
(2.979820e-01 -1.230140e-09)
(3.020000e-01 -3.938160e-10)
(3.060000e-01 -1.234280e-10)
(3.100000e-01 -3.788540e-11)
(3.140000e-01 -1.145310e-11)
(3.180000e-01 -3.503500e-12)
(3.220000e-01 -1.129160e-12)
(3.260000e-01 -4.650050e-13)
(3.300000e-01 -2.935720e-13)
(3.340000e-01 -2.397110e-13)
(3.380000e-01 -2.422590e-13)
(3.420000e-01 -2.311590e-13)
(3.460000e-01 -2.476200e-13)
(3.500000e-01 -2.404520e-13)
(3.540000e-01 -2.373830e-13)
(3.580000e-01 -2.257460e-13)
(3.620000e-01 -2.202700e-13)
(3.660000e-01 -1.880220e-13)
(3.700000e-01 -1.800430e-13)
(3.740000e-01 -1.472040e-13)
(3.780000e-01 -1.567920e-13)
(3.820000e-01 -1.516900e-13)
(3.860000e-01 -9.339970e-14)
(3.900000e-01 -6.517520e-14)
(3.940000e-01 -1.413240e-14)
(3.980000e-01 4.330260e-14)
(4.020000e-01 3.774520e-14)
(4.060000e-01 -2.155150e-14)
(4.100000e-01 -1.220680e-13)
(4.140000e-01 -1.413000e-13)
(4.180000e-01 -1.424860e-13)
(4.220000e-01 -1.264820e-13)
(4.260000e-01 -1.540920e-13)
(4.300000e-01 -1.741420e-13)
(4.340000e-01 -1.560430e-13)
(4.380000e-01 -1.519400e-13)
(4.420000e-01 -1.457360e-13)
(4.460000e-01 -1.323940e-13)
(4.500000e-01 -8.932650e-14)
(4.540000e-01 -8.190590e-14)
(4.580000e-01 -6.823110e-14)
(4.620000e-01 -3.869810e-14)
(4.660000e-01 -9.568270e-14)
(4.700000e-01 -1.394900e-13)
(4.740000e-01 -1.643890e-13)
(4.780000e-01 -1.494450e-13)
(4.820000e-01 -1.554710e-13)
(4.860000e-01 -1.478130e-13)
(4.900000e-01 -1.348050e-13)
(4.940000e-01 -9.976000e-14)
(4.980000e-01 -8.467560e-14)
)
