(
(2.500000e-04 -8.152640e-10)
(7.500000e-04 -2.444170e-09)
(1.250000e-03 -4.066230e-09)
(1.750000e-03 -5.679780e-09)
(2.250000e-03 -7.285730e-09)
(2.750000e-03 -8.884820e-09)
(3.250000e-03 -1.047780e-08)
(3.750000e-03 -1.206420e-08)
(4.250000e-03 -1.364330e-08)
(4.750000e-03 -1.521470e-08)
(5.250000e-03 -1.677900e-08)
(5.750000e-03 -1.833710e-08)
(6.250000e-03 -1.988700e-08)
(6.750000e-03 -2.142950e-08)
(7.250000e-03 -2.296520e-08)
(7.750000e-03 -2.449240e-08)
(8.250000e-03 -2.601160e-08)
(8.750000e-03 -2.752370e-08)
(9.250000e-03 -2.902780e-08)
(9.750000e-03 -3.052360e-08)
(1.025000e-02 -3.201140e-08)
(1.075000e-02 -3.349210e-08)
(1.125000e-02 -3.496480e-08)
(1.175000e-02 -3.642920e-08)
(1.225000e-02 -3.788440e-08)
(1.275000e-02 -3.933130e-08)
(1.325000e-02 -4.077000e-08)
(1.375000e-02 -4.220030e-08)
(1.425000e-02 -4.362220e-08)
(1.475000e-02 -4.503560e-08)
(1.525000e-02 -4.643950e-08)
(1.575000e-02 -4.783460e-08)
(1.625000e-02 -4.922110e-08)
(1.675000e-02 -5.059870e-08)
(1.725000e-02 -5.196620e-08)
(1.775000e-02 -5.332580e-08)
(1.825000e-02 -5.467600e-08)
(1.875000e-02 -5.601690e-08)
(1.925000e-02 -5.734820e-08)
(1.975000e-02 -5.867080e-08)
(2.025000e-02 -5.998440e-08)
(2.075000e-02 -6.128900e-08)
(2.125000e-02 -6.258320e-08)
(2.175000e-02 -6.386800e-08)
(2.225000e-02 -6.514300e-08)
(2.275000e-02 -6.640830e-08)
(2.325000e-02 -6.766160e-08)
(2.375000e-02 -6.890300e-08)
(2.425000e-02 -7.013200e-08)
(2.475000e-02 -7.134960e-08)
(2.525000e-02 -7.255590e-08)
(2.575000e-02 -7.375350e-08)
(2.625000e-02 -7.494400e-08)
(2.675000e-02 -7.613060e-08)
(2.725000e-02 -7.731480e-08)
(2.775000e-02 -7.849670e-08)
(2.825000e-02 -7.967150e-08)
(2.875000e-02 -8.083280e-08)
(2.925000e-02 -8.197000e-08)
(2.975000e-02 -8.307590e-08)
(3.025000e-02 -8.414180e-08)
(3.075000e-02 -8.516510e-08)
(3.125000e-02 -8.614330e-08)
(3.175000e-02 -8.707670e-08)
(3.225000e-02 -8.796400e-08)
(3.275000e-02 -8.880630e-08)
(3.325000e-02 -8.960230e-08)
(3.375000e-02 -9.035300e-08)
(3.425000e-02 -9.105780e-08)
(3.475000e-02 -9.171800e-08)
(3.525000e-02 -9.233110e-08)
(3.575000e-02 -9.289870e-08)
(3.625000e-02 -9.341890e-08)
(3.675000e-02 -9.389420e-08)
(3.725000e-02 -9.432260e-08)
(3.775000e-02 -9.470490e-08)
(3.825000e-02 -9.504020e-08)
(3.875000e-02 -9.533000e-08)
(3.925000e-02 -9.557170e-08)
(3.975000e-02 -9.576700e-08)
(4.025000e-02 -9.591460e-08)
(4.075000e-02 -9.601640e-08)
(4.125000e-02 -9.606950e-08)
(4.175000e-02 -9.607650e-08)
(4.225000e-02 -9.603530e-08)
(4.275000e-02 -9.594780e-08)
(4.325000e-02 -9.581190e-08)
(4.375000e-02 -9.562870e-08)
(4.425000e-02 -9.539680e-08)
(4.475000e-02 -9.511820e-08)
(4.525000e-02 -9.479060e-08)
(4.575000e-02 -9.441610e-08)
(4.625000e-02 -9.399230e-08)
(4.675000e-02 -9.352210e-08)
(4.725000e-02 -9.300230e-08)
(4.775000e-02 -9.243520e-08)
(4.825000e-02 -9.181900e-08)
(4.875000e-02 -9.115530e-08)
(4.925000e-02 -9.044210e-08)
(4.975000e-02 -8.968190e-08)
(5.025000e-02 -8.887130e-08)
(5.075000e-02 -8.801410e-08)
(5.125000e-02 -8.710810e-08)
(5.175000e-02 -8.615580e-08)
(5.225000e-02 -8.515430e-08)
(5.275000e-02 -8.410630e-08)
(5.325000e-02 -8.301000e-08)
(5.375000e-02 -8.186920e-08)
(5.425000e-02 -8.068150e-08)
(5.475000e-02 -7.945070e-08)
(5.525000e-02 -7.817520e-08)
(5.575000e-02 -7.686010e-08)
(5.625000e-02 -7.550440e-08)
(5.675000e-02 -7.411370e-08)
(5.725000e-02 -7.268930e-08)
(5.775000e-02 -7.123820e-08)
(5.825000e-02 -6.976320e-08)
(5.875000e-02 -6.827420e-08)
(5.925000e-02 -6.677770e-08)
(5.975000e-02 -6.528840e-08)
(6.025000e-02 -6.381600e-08)
(6.075000e-02 -6.238020e-08)
(6.125000e-02 -6.099760e-08)
(6.175000e-02 -5.969600e-08)
(6.225000e-02 -5.850130e-08)
(6.275000e-02 -5.744950e-08)
(6.325000e-02 -5.657430e-08)
(6.375000e-02 -5.591580e-08)
(6.425000e-02 -5.550360e-08)
(6.475000e-02 -5.536650e-08)
(6.525000e-02 -5.551690e-08)
(6.575000e-02 -5.589010e-08)
(6.625000e-02 -5.629890e-08)
(6.675000e-02 -5.662000e-08)
(6.725000e-02 -5.687070e-08)
(6.775000e-02 -5.711190e-08)
(6.825000e-02 -5.734800e-08)
(6.875000e-02 -5.756550e-08)
(6.925000e-02 -5.775900e-08)
(6.975000e-02 -5.793540e-08)
(7.025000e-02 -5.809180e-08)
(7.075000e-02 -5.823030e-08)
(7.125000e-02 -5.834700e-08)
(7.175000e-02 -5.844680e-08)
(7.225000e-02 -5.852980e-08)
(7.275000e-02 -5.859850e-08)
(7.325000e-02 -5.864210e-08)
(7.375000e-02 -5.866820e-08)
(7.425000e-02 -5.869460e-08)
(7.475000e-02 -5.873240e-08)
(7.525000e-02 2.503110e-05)
(7.575000e-02 -4.975140e-04)
(7.625000e-02 7.160500e-04)
(7.675000e-02 -4.008170e-03)
(7.725000e-02 1.009620e-02)
(7.775000e-02 -7.434590e-03)
(7.825000e-02 2.290310e-02)
(7.875000e-02 -2.030780e-02)
(7.925000e-02 -6.483910e-02)
(7.975000e-02 -6.852350e-02)
(8.025000e-02 -6.753090e-02)
(8.075000e-02 -6.801380e-02)
(8.125000e-02 -6.782360e-02)
(8.175000e-02 -6.794330e-02)
(8.225000e-02 -6.792120e-02)
(8.275000e-02 -6.796440e-02)
(8.325000e-02 -6.797810e-02)
(8.375000e-02 -6.800440e-02)
(8.425000e-02 -6.802510e-02)
(8.475000e-02 -6.804720e-02)
(8.525000e-02 -6.806830e-02)
(8.575000e-02 -6.808870e-02)
(8.625000e-02 -6.810870e-02)
(8.675000e-02 -6.812770e-02)
(8.725000e-02 -6.814620e-02)
(8.775000e-02 -6.816380e-02)
(8.825000e-02 -6.818060e-02)
(8.875000e-02 -6.819650e-02)
(8.925000e-02 -6.821160e-02)
(8.975000e-02 -6.822570e-02)
(9.025000e-02 -6.823880e-02)
(9.075000e-02 -6.825080e-02)
(9.125000e-02 -6.826180e-02)
(9.175000e-02 -6.827160e-02)
(9.225000e-02 -6.828020e-02)
(9.275000e-02 -6.828740e-02)
(9.325000e-02 -6.829330e-02)
(9.375000e-02 -6.829780e-02)
(9.425000e-02 -6.830070e-02)
(9.475000e-02 -6.830210e-02)
(9.525000e-02 -6.830190e-02)
(9.575000e-02 -6.830010e-02)
(9.625000e-02 -6.829680e-02)
(9.675000e-02 -6.829210e-02)
(9.725000e-02 -6.828620e-02)
(9.775000e-02 -6.827920e-02)
(9.825000e-02 -6.827160e-02)
(9.875000e-02 -6.826350e-02)
(9.925000e-02 -6.825530e-02)
(9.975000e-02 -6.824720e-02)
(1.002500e-01 -6.823960e-02)
(1.007500e-01 -6.823250e-02)
(1.012500e-01 -6.822620e-02)
(1.017500e-01 -6.822140e-02)
(1.022500e-01 -6.821800e-02)
(1.027500e-01 -6.821190e-02)
(1.032500e-01 -6.820960e-02)
(1.037500e-01 -6.820650e-02)
(1.042500e-01 -6.820450e-02)
(1.047500e-01 -6.820270e-02)
(1.052500e-01 -6.820130e-02)
(1.057500e-01 -6.820030e-02)
(1.062500e-01 -6.819940e-02)
(1.067500e-01 -6.819880e-02)
(1.072500e-01 -6.819830e-02)
(1.077500e-01 -6.819790e-02)
(1.082500e-01 -6.819760e-02)
(1.087500e-01 -6.819730e-02)
(1.092500e-01 -6.819710e-02)
(1.097500e-01 -6.819690e-02)
(1.102500e-01 -6.819670e-02)
(1.107500e-01 -6.819640e-02)
(1.112500e-01 -6.819610e-02)
(1.117500e-01 -6.819580e-02)
(1.122500e-01 -6.819550e-02)
(1.127500e-01 -6.819510e-02)
(1.132500e-01 -6.819470e-02)
(1.137500e-01 -6.819420e-02)
(1.142500e-01 -6.819370e-02)
(1.147500e-01 -6.819310e-02)
(1.152500e-01 -6.819250e-02)
(1.157500e-01 -6.819180e-02)
(1.162500e-01 -6.819110e-02)
(1.167500e-01 -6.819040e-02)
(1.172500e-01 -6.818970e-02)
(1.177500e-01 -6.818890e-02)
(1.182500e-01 -6.818810e-02)
(1.187500e-01 -6.818740e-02)
(1.192500e-01 -6.818660e-02)
(1.197500e-01 -6.818580e-02)
(1.202500e-01 -6.818500e-02)
(1.207500e-01 -6.818430e-02)
(1.212500e-01 -6.818360e-02)
(1.217500e-01 -6.818280e-02)
(1.222500e-01 -6.818220e-02)
(1.227500e-01 -6.818150e-02)
(1.232500e-01 -6.818090e-02)
(1.237500e-01 -6.818030e-02)
(1.242500e-01 -6.817970e-02)
(1.247500e-01 -6.817920e-02)
(1.252500e-01 -6.817870e-02)
(1.257500e-01 -6.817830e-02)
(1.262500e-01 -6.817800e-02)
(1.267500e-01 -6.817750e-02)
(1.272500e-01 -6.817720e-02)
(1.277500e-01 -6.817680e-02)
(1.282500e-01 -6.817650e-02)
(1.287500e-01 -6.817630e-02)
(1.292500e-01 -6.817600e-02)
(1.297500e-01 -6.817580e-02)
(1.302500e-01 -6.817560e-02)
(1.307500e-01 -6.817540e-02)
(1.312500e-01 -6.817520e-02)
(1.317500e-01 -6.817500e-02)
(1.322500e-01 -6.817490e-02)
(1.327500e-01 -6.817480e-02)
(1.332500e-01 -6.817460e-02)
(1.337500e-01 -6.817450e-02)
(1.342500e-01 -6.817440e-02)
(1.347500e-01 -6.817430e-02)
(1.352500e-01 -6.817420e-02)
(1.357500e-01 -6.817420e-02)
(1.362500e-01 -6.817410e-02)
(1.367500e-01 -6.817400e-02)
(1.372500e-01 -6.817390e-02)
(1.377500e-01 -6.817390e-02)
(1.382500e-01 -6.817380e-02)
(1.387500e-01 -6.817370e-02)
(1.392500e-01 -6.817370e-02)
(1.397500e-01 -6.817360e-02)
(1.402500e-01 -6.817360e-02)
(1.407500e-01 -6.817350e-02)
(1.412500e-01 -6.817340e-02)
(1.417500e-01 -6.817340e-02)
(1.422500e-01 -6.817330e-02)
(1.427500e-01 -6.817330e-02)
(1.432500e-01 -6.817320e-02)
(1.437500e-01 -6.817320e-02)
(1.442500e-01 -6.817310e-02)
(1.447500e-01 -6.817310e-02)
(1.452500e-01 -6.817310e-02)
(1.457500e-01 -6.817300e-02)
(1.462500e-01 -6.817290e-02)
(1.467500e-01 -6.817290e-02)
(1.472500e-01 -6.817290e-02)
(1.477500e-01 -6.817280e-02)
(1.482500e-01 -6.817280e-02)
(1.487500e-01 -6.817270e-02)
(1.492500e-01 -6.817270e-02)
(1.497500e-01 -6.817260e-02)
(1.502520e-01 -6.817260e-02)
(1.507630e-01 -6.817260e-02)
(1.512860e-01 -6.817250e-02)
(1.518210e-01 -6.817250e-02)
(1.523700e-01 -6.817240e-02)
(1.529310e-01 -6.817240e-02)
(1.535070e-01 -6.817240e-02)
(1.540960e-01 -6.817230e-02)
(1.546990e-01 -6.817230e-02)
(1.553170e-01 -6.817230e-02)
(1.559500e-01 -6.817220e-02)
(1.565990e-01 -6.817220e-02)
(1.572630e-01 -6.817220e-02)
(1.579430e-01 -6.817210e-02)
(1.586390e-01 -6.817210e-02)
(1.593530e-01 -6.817210e-02)
(1.600830e-01 -6.817200e-02)
(1.608320e-01 -6.817200e-02)
(1.615980e-01 -6.817200e-02)
(1.623830e-01 -6.817200e-02)
(1.631870e-01 -6.817190e-02)
(1.640100e-01 -6.817190e-02)
(1.648540e-01 -6.817190e-02)
(1.657170e-01 -6.817190e-02)
(1.666020e-01 -6.817180e-02)
(1.675080e-01 -6.817180e-02)
(1.684360e-01 -6.817180e-02)
(1.693860e-01 -6.817180e-02)
(1.703600e-01 -6.817180e-02)
(1.713570e-01 -6.817170e-02)
(1.723780e-01 -6.817170e-02)
(1.734230e-01 -6.817170e-02)
(1.744940e-01 -6.817170e-02)
(1.755910e-01 -6.817170e-02)
(1.767150e-01 -6.817160e-02)
(1.778650e-01 -6.817160e-02)
(1.790440e-01 -6.817160e-02)
(1.802510e-01 -6.817160e-02)
(1.814870e-01 -6.817160e-02)
(1.827530e-01 -6.817160e-02)
(1.840490e-01 -6.817160e-02)
(1.853780e-01 -6.817160e-02)
(1.867380e-01 -6.817150e-02)
(1.881310e-01 -6.817150e-02)
(1.895580e-01 -6.817150e-02)
(1.910190e-01 -6.817150e-02)
(1.925150e-01 -6.817150e-02)
(1.940480e-01 -6.817150e-02)
(1.956180e-01 -6.817150e-02)
(1.972260e-01 -6.817150e-02)
(1.988730e-01 -6.817150e-02)
(2.005590e-01 -6.817150e-02)
(2.022870e-01 -6.817150e-02)
(2.040560e-01 -6.817150e-02)
(2.058680e-01 -6.817140e-02)
(2.077240e-01 -6.817140e-02)
(2.096250e-01 -6.817140e-02)
(2.115710e-01 -6.817140e-02)
(2.135650e-01 -6.817140e-02)
(2.156070e-01 -6.817140e-02)
(2.176990e-01 -6.817140e-02)
(2.198410e-01 -6.817140e-02)
(2.220340e-01 -6.817140e-02)
(2.242810e-01 -6.817140e-02)
(2.265830e-01 -6.817140e-02)
(2.289390e-01 -6.817140e-02)
(2.313530e-01 -6.817140e-02)
(2.338260e-01 -6.817140e-02)
(2.363580e-01 -6.817140e-02)
(2.389510e-01 -6.817140e-02)
(2.416070e-01 -6.817140e-02)
(2.443280e-01 -6.817140e-02)
(2.471140e-01 -6.817140e-02)
(2.499670e-01 -6.817140e-02)
(2.528900e-01 -6.817140e-02)
(2.558830e-01 -6.817140e-02)
(2.589490e-01 -6.817140e-02)
(2.620890e-01 -6.817140e-02)
(2.653040e-01 -6.817140e-02)
(2.685980e-01 -6.817140e-02)
(2.719710e-01 -6.817140e-02)
(2.754260e-01 -6.817140e-02)
(2.789640e-01 -6.817140e-02)
(2.825880e-01 -6.817140e-02)
(2.863000e-01 -6.817140e-02)
(2.901010e-01 -6.817140e-02)
(2.939950e-01 -6.817140e-02)
(2.979820e-01 -6.817140e-02)
(3.020000e-01 -6.817140e-02)
(3.060000e-01 -6.817140e-02)
(3.100000e-01 -6.817140e-02)
(3.140000e-01 -6.817140e-02)
(3.180000e-01 -6.817140e-02)
(3.220000e-01 -6.817140e-02)
(3.260000e-01 -6.817140e-02)
(3.300000e-01 -6.817140e-02)
(3.340000e-01 -6.817140e-02)
(3.380000e-01 -6.817140e-02)
(3.420000e-01 -6.817140e-02)
(3.460000e-01 -6.817140e-02)
(3.500000e-01 -6.817140e-02)
(3.540000e-01 -6.817140e-02)
(3.580000e-01 -6.817140e-02)
(3.620000e-01 -6.817140e-02)
(3.660000e-01 -6.817140e-02)
(3.700000e-01 -6.817140e-02)
(3.740000e-01 -6.817140e-02)
(3.780000e-01 -6.817140e-02)
(3.820000e-01 -6.817140e-02)
(3.860000e-01 -6.817140e-02)
(3.900000e-01 -6.817140e-02)
(3.940000e-01 -6.817140e-02)
(3.980000e-01 -6.817140e-02)
(4.020000e-01 -6.817140e-02)
(4.060000e-01 -6.817140e-02)
(4.100000e-01 -6.817140e-02)
(4.140000e-01 -6.817140e-02)
(4.180000e-01 -6.817140e-02)
(4.220000e-01 -6.817140e-02)
(4.260000e-01 -6.817140e-02)
(4.300000e-01 -6.817140e-02)
(4.340000e-01 -6.817140e-02)
(4.380000e-01 -6.817140e-02)
(4.420000e-01 -6.817140e-02)
(4.460000e-01 -6.817140e-02)
(4.500000e-01 -6.817140e-02)
(4.540000e-01 -6.817140e-02)
(4.580000e-01 -6.817140e-02)
(4.620000e-01 -6.817140e-02)
(4.660000e-01 -6.817140e-02)
(4.700000e-01 -6.817140e-02)
(4.740000e-01 -6.817140e-02)
(4.780000e-01 -6.817130e-02)
(4.820000e-01 -6.817090e-02)
(4.860000e-01 -6.816410e-02)
(4.900000e-01 -6.806340e-02)
(4.940000e-01 -6.654120e-02)
(4.980000e-01 -3.938330e-02)
)
