(
(2.500000e-04 1.286270e-09)
(7.500000e-04 3.856880e-09)
(1.250000e-03 6.416470e-09)
(1.750000e-03 8.962590e-09)
(2.250000e-03 1.149670e-08)
(2.750000e-03 1.401920e-08)
(3.250000e-03 1.653160e-08)
(3.750000e-03 1.903260e-08)
(4.250000e-03 2.152200e-08)
(4.750000e-03 2.399840e-08)
(5.250000e-03 2.646290e-08)
(5.750000e-03 2.891780e-08)
(6.250000e-03 3.135830e-08)
(6.750000e-03 3.378670e-08)
(7.250000e-03 3.620450e-08)
(7.750000e-03 3.860750e-08)
(8.250000e-03 4.099770e-08)
(8.750000e-03 4.337600e-08)
(9.250000e-03 4.574140e-08)
(9.750000e-03 4.809260e-08)
(1.025000e-02 5.043100e-08)
(1.075000e-02 5.275740e-08)
(1.125000e-02 5.507050e-08)
(1.175000e-02 5.737000e-08)
(1.225000e-02 5.965440e-08)
(1.275000e-02 6.192500e-08)
(1.325000e-02 6.418260e-08)
(1.375000e-02 6.642530e-08)
(1.425000e-02 6.865520e-08)
(1.475000e-02 7.087030e-08)
(1.525000e-02 7.307040e-08)
(1.575000e-02 7.525540e-08)
(1.625000e-02 7.742690e-08)
(1.675000e-02 7.958320e-08)
(1.725000e-02 8.172300e-08)
(1.775000e-02 8.385000e-08)
(1.825000e-02 8.596130e-08)
(1.875000e-02 8.805720e-08)
(1.925000e-02 9.013760e-08)
(1.975000e-02 9.220320e-08)
(2.025000e-02 9.425440e-08)
(2.075000e-02 9.629030e-08)
(2.125000e-02 9.830940e-08)
(2.175000e-02 1.003130e-07)
(2.225000e-02 1.023010e-07)
(2.275000e-02 1.042720e-07)
(2.325000e-02 1.062240e-07)
(2.375000e-02 1.081570e-07)
(2.425000e-02 1.100700e-07)
(2.475000e-02 1.119650e-07)
(2.525000e-02 1.138410e-07)
(2.575000e-02 1.157010e-07)
(2.625000e-02 1.175500e-07)
(2.675000e-02 1.193890e-07)
(2.725000e-02 1.212250e-07)
(2.775000e-02 1.230540e-07)
(2.825000e-02 1.248740e-07)
(2.875000e-02 1.266720e-07)
(2.925000e-02 1.284360e-07)
(2.975000e-02 1.301530e-07)
(3.025000e-02 1.318090e-07)
(3.075000e-02 1.334010e-07)
(3.125000e-02 1.349230e-07)
(3.175000e-02 1.363750e-07)
(3.225000e-02 1.377550e-07)
(3.275000e-02 1.390640e-07)
(3.325000e-02 1.403010e-07)
(3.375000e-02 1.414650e-07)
(3.425000e-02 1.425590e-07)
(3.475000e-02 1.435810e-07)
(3.525000e-02 1.445310e-07)
(3.575000e-02 1.454090e-07)
(3.625000e-02 1.462130e-07)
(3.675000e-02 1.469450e-07)
(3.725000e-02 1.476060e-07)
(3.775000e-02 1.481920e-07)
(3.825000e-02 1.487070e-07)
(3.875000e-02 1.491480e-07)
(3.925000e-02 1.495160e-07)
(3.975000e-02 1.498100e-07)
(4.025000e-02 1.500310e-07)
(4.075000e-02 1.501780e-07)
(4.125000e-02 1.502500e-07)
(4.175000e-02 1.502500e-07)
(4.225000e-02 1.501740e-07)
(4.275000e-02 1.500260e-07)
(4.325000e-02 1.498030e-07)
(4.375000e-02 1.495040e-07)
(4.425000e-02 1.491320e-07)
(4.475000e-02 1.486840e-07)
(4.525000e-02 1.481620e-07)
(4.575000e-02 1.475640e-07)
(4.625000e-02 1.468910e-07)
(4.675000e-02 1.461450e-07)
(4.725000e-02 1.453220e-07)
(4.775000e-02 1.444240e-07)
(4.825000e-02 1.434520e-07)
(4.875000e-02 1.424020e-07)
(4.925000e-02 1.412790e-07)
(4.975000e-02 1.400790e-07)
(5.025000e-02 1.388030e-07)
(5.075000e-02 1.374520e-07)
(5.125000e-02 1.360270e-07)
(5.175000e-02 1.345280e-07)
(5.225000e-02 1.329540e-07)
(5.275000e-02 1.313050e-07)
(5.325000e-02 1.295840e-07)
(5.375000e-02 1.277910e-07)
(5.425000e-02 1.259260e-07)
(5.475000e-02 1.239920e-07)
(5.525000e-02 1.219900e-07)
(5.575000e-02 1.199240e-07)
(5.625000e-02 1.177950e-07)
(5.675000e-02 1.156090e-07)
(5.725000e-02 1.133720e-07)
(5.775000e-02 1.110900e-07)
(5.825000e-02 1.087710e-07)
(5.875000e-02 1.064240e-07)
(5.925000e-02 1.040670e-07)
(5.975000e-02 1.017130e-07)
(6.025000e-02 9.938390e-08)
(6.075000e-02 9.710250e-08)
(6.125000e-02 9.489770e-08)
(6.175000e-02 9.280480e-08)
(6.225000e-02 9.086440e-08)
(6.275000e-02 8.912080e-08)
(6.325000e-02 8.762340e-08)
(6.375000e-02 8.641630e-08)
(6.425000e-02 8.553290e-08)
(6.475000e-02 8.497560e-08)
(6.525000e-02 8.490040e-08)
(6.575000e-02 8.527790e-08)
(6.625000e-02 8.567900e-08)
(6.675000e-02 8.606680e-08)
(6.725000e-02 8.641730e-08)
(6.775000e-02 8.672860e-08)
(6.825000e-02 8.696770e-08)
(6.875000e-02 8.717200e-08)
(6.925000e-02 8.734900e-08)
(6.975000e-02 8.748530e-08)
(7.025000e-02 8.757790e-08)
(7.075000e-02 8.762380e-08)
(7.125000e-02 8.761460e-08)
(7.175000e-02 8.754350e-08)
(7.225000e-02 8.879020e-08)
(7.275000e-02 6.415310e-08)
(7.325000e-02 1.938850e-07)
(7.375000e-02 -2.222790e-07)
(7.425000e-02 1.058240e-06)
(7.475000e-02 -2.972050e-06)
(7.525000e-02 3.214400e-06)
(7.575000e-02 1.057840e-05)
(7.625000e-02 -5.914990e-06)
(7.675000e-02 3.668010e-06)
(7.725000e-02 -2.049290e-06)
(7.775000e-02 8.636840e-07)
(7.825000e-02 -4.225820e-07)
(7.875000e-02 1.732740e-07)
(7.925000e-02 -5.997970e-08)
(7.975000e-02 2.283270e-08)
(8.025000e-02 -8.528490e-09)
(8.075000e-02 3.086130e-09)
(8.125000e-02 -1.086320e-09)
(8.175000e-02 3.722400e-10)
(8.225000e-02 -1.248300e-10)
(8.275000e-02 4.058740e-11)
(8.325000e-02 -1.332580e-11)
(8.375000e-02 4.012300e-12)
(8.425000e-02 -1.705720e-12)
(8.475000e-02 9.184470e-15)
(8.525000e-02 -1.542630e-13)
(8.575000e-02 -2.124340e-13)
(8.625000e-02 -2.234530e-13)
(8.675000e-02 -2.243930e-13)
(8.725000e-02 -2.258920e-13)
(8.775000e-02 -2.282730e-13)
(8.825000e-02 -2.306530e-13)
(8.875000e-02 -2.333730e-13)
(8.925000e-02 -2.359580e-13)
(8.975000e-02 -2.383610e-13)
(9.025000e-02 -2.410510e-13)
(9.075000e-02 -2.435340e-13)
(9.125000e-02 -2.460790e-13)
(9.175000e-02 -2.491860e-13)
(9.225000e-02 -2.519580e-13)
(9.275000e-02 -2.545130e-13)
(9.325000e-02 -2.571670e-13)
(9.375000e-02 -2.595540e-13)
(9.425000e-02 -2.616290e-13)
(9.475000e-02 -2.627370e-13)
(9.525000e-02 -2.639830e-13)
(9.575000e-02 -2.660910e-13)
(9.625000e-02 -2.684630e-13)
(9.675000e-02 -2.710900e-13)
(9.725000e-02 -2.741780e-13)
(9.775000e-02 -2.778460e-13)
(9.825000e-02 -2.811550e-13)
(9.875000e-02 -2.830140e-13)
(9.925000e-02 -2.836740e-13)
(9.975000e-02 -2.850840e-13)
(1.002500e-01 -2.874410e-13)
(1.007500e-01 -2.900790e-13)
(1.012500e-01 -2.921940e-13)
(1.017500e-01 -2.942640e-13)
(1.022500e-01 -2.993100e-13)
(1.027500e-01 -3.054720e-13)
(1.032500e-01 -3.089320e-13)
(1.037500e-01 -3.112230e-13)
(1.042500e-01 -3.138610e-13)
(1.047500e-01 -3.165520e-13)
(1.052500e-01 -3.193100e-13)
(1.057500e-01 -3.219870e-13)
(1.062500e-01 -3.244520e-13)
(1.067500e-01 -3.267240e-13)
(1.072500e-01 -3.291760e-13)
(1.077500e-01 -3.319030e-13)
(1.082500e-01 -3.347050e-13)
(1.087500e-01 -3.373620e-13)
(1.092500e-01 -3.397700e-13)
(1.097500e-01 -3.420520e-13)
(1.102500e-01 -3.445080e-13)
(1.107500e-01 -3.469920e-13)
(1.112500e-01 -3.494680e-13)
(1.117500e-01 -3.522910e-13)
(1.122500e-01 -3.552810e-13)
(1.127500e-01 -3.577140e-13)
(1.132500e-01 -3.597960e-13)
(1.137500e-01 -3.622270e-13)
(1.142500e-01 -3.648860e-13)
(1.147500e-01 -3.674040e-13)
(1.152500e-01 -3.695200e-13)
(1.157500e-01 -3.716330e-13)
(1.162500e-01 -3.733470e-13)
(1.167500e-01 -3.739310e-13)
(1.172500e-01 -3.745810e-13)
(1.177500e-01 -3.764800e-13)
(1.182500e-01 -3.789080e-13)
(1.187500e-01 -3.809390e-13)
(1.192500e-01 -3.829510e-13)
(1.197500e-01 -3.851630e-13)
(1.202500e-01 -3.876460e-13)
(1.207500e-01 -3.905560e-13)
(1.212500e-01 -3.933880e-13)
(1.217500e-01 -3.958260e-13)
(1.222500e-01 -3.982920e-13)
(1.227500e-01 -4.009170e-13)
(1.232500e-01 -4.035790e-13)
(1.237500e-01 -4.060420e-13)
(1.242500e-01 -4.084670e-13)
(1.247500e-01 -4.111870e-13)
(1.252500e-01 -4.142000e-13)
(1.257500e-01 -4.170910e-13)
(1.262500e-01 -4.197370e-13)
(1.267500e-01 -4.221090e-13)
(1.272500e-01 -4.245210e-13)
(1.277500e-01 -4.270440e-13)
(1.282500e-01 -4.297620e-13)
(1.287500e-01 -4.326630e-13)
(1.292500e-01 -4.354590e-13)
(1.297500e-01 -4.384320e-13)
(1.302500e-01 -4.411080e-13)
(1.307500e-01 -4.436060e-13)
(1.312500e-01 -4.460620e-13)
(1.317500e-01 -4.481750e-13)
(1.322500e-01 -4.504150e-13)
(1.327500e-01 -4.531650e-13)
(1.332500e-01 -4.557090e-13)
(1.337500e-01 -4.580110e-13)
(1.342500e-01 -4.608860e-13)
(1.347500e-01 -4.635350e-13)
(1.352500e-01 -4.659690e-13)
(1.357500e-01 -4.684540e-13)
(1.362500e-01 -4.708310e-13)
(1.367500e-01 -4.735360e-13)
(1.372500e-01 -4.761620e-13)
(1.377500e-01 -4.787940e-13)
(1.382500e-01 -4.812380e-13)
(1.387500e-01 -4.835350e-13)
(1.392500e-01 -4.856840e-13)
(1.397500e-01 -4.875250e-13)
(1.402500e-01 -4.901930e-13)
(1.407500e-01 -4.927780e-13)
(1.412500e-01 -4.948160e-13)
(1.417500e-01 -4.970340e-13)
(1.422500e-01 -4.995630e-13)
(1.427500e-01 -5.022150e-13)
(1.432500e-01 -5.041950e-13)
(1.437500e-01 -5.060680e-13)
(1.442500e-01 -5.082460e-13)
(1.447500e-01 -5.104820e-13)
(1.452500e-01 -5.130750e-13)
(1.457500e-01 -5.154830e-13)
(1.462500e-01 -5.175890e-13)
(1.467500e-01 -5.198670e-13)
(1.472500e-01 -5.222900e-13)
(1.477500e-01 -5.248660e-13)
(1.482500e-01 -5.272110e-13)
(1.487500e-01 -5.296300e-13)
(1.492500e-01 -5.338260e-13)
(1.497500e-01 -5.422210e-13)
(1.502520e-01 -5.466100e-13)
(1.507630e-01 -5.398620e-13)
(1.512860e-01 -5.395070e-13)
(1.518210e-01 -5.421470e-13)
(1.523700e-01 -5.447150e-13)
(1.529310e-01 -5.474740e-13)
(1.535070e-01 -5.499390e-13)
(1.540960e-01 -5.522720e-13)
(1.546990e-01 -5.545250e-13)
(1.553170e-01 -5.569460e-13)
(1.559500e-01 -5.598940e-13)
(1.565990e-01 -5.629500e-13)
(1.572630e-01 -5.660920e-13)
(1.579430e-01 -5.691800e-13)
(1.586390e-01 -5.724240e-13)
(1.593530e-01 -5.757190e-13)
(1.600830e-01 -5.788680e-13)
(1.608320e-01 -5.819260e-13)
(1.615980e-01 -5.851610e-13)
(1.623830e-01 -5.886430e-13)
(1.631870e-01 -5.922820e-13)
(1.640100e-01 -5.960930e-13)
(1.648540e-01 -5.998630e-13)
(1.657170e-01 -6.036650e-13)
(1.666020e-01 -6.077780e-13)
(1.675080e-01 -6.118640e-13)
(1.684360e-01 -6.158020e-13)
(1.693860e-01 -6.198580e-13)
(1.703600e-01 -6.240320e-13)
(1.713570e-01 -6.285110e-13)
(1.723780e-01 -6.330270e-13)
(1.734230e-01 -6.376560e-13)
(1.744940e-01 -6.424610e-13)
(1.755910e-01 -6.470130e-13)
(1.767150e-01 -6.517120e-13)
(1.778650e-01 -6.567300e-13)
(1.790440e-01 -6.618180e-13)
(1.802510e-01 -6.667740e-13)
(1.814870e-01 -6.717740e-13)
(1.827530e-01 -6.770700e-13)
(1.840490e-01 -6.823400e-13)
(1.853780e-01 -6.875190e-13)
(1.867380e-01 -6.929880e-13)
(1.881310e-01 -6.986360e-13)
(1.895580e-01 -7.043290e-13)
(1.910190e-01 -7.100940e-13)
(1.925150e-01 -7.159580e-13)
(1.940480e-01 -7.220320e-13)
(1.956180e-01 -7.282320e-13)
(1.972260e-01 -7.344920e-13)
(1.988730e-01 -7.409540e-13)
(2.005590e-01 -7.475290e-13)
(2.022870e-01 -7.542450e-13)
(2.040560e-01 -7.611120e-13)
(2.058680e-01 -7.679810e-13)
(2.077240e-01 -7.749610e-13)
(2.096250e-01 -7.820020e-13)
(2.115710e-01 -7.891670e-13)
(2.135650e-01 -7.964660e-13)
(2.156070e-01 -8.038520e-13)
(2.176990e-01 -8.114130e-13)
(2.198410e-01 -8.190760e-13)
(2.220340e-01 -8.269090e-13)
(2.242810e-01 -8.349080e-13)
(2.265830e-01 -8.429650e-13)
(2.289390e-01 -8.510980e-13)
(2.313530e-01 -8.593510e-13)
(2.338260e-01 -8.677260e-13)
(2.363580e-01 -8.762580e-13)
(2.389510e-01 -8.849140e-13)
(2.416070e-01 -8.936350e-13)
(2.443280e-01 -9.024500e-13)
(2.471140e-01 -9.113680e-13)
(2.499670e-01 -9.204200e-13)
(2.528900e-01 -9.295770e-13)
(2.558830e-01 -9.388510e-13)
(2.589490e-01 -9.482950e-13)
(2.620890e-01 -9.577390e-13)
(2.653040e-01 -9.673670e-13)
(2.685980e-01 -9.769790e-13)
(2.719710e-01 -9.866770e-13)
(2.754260e-01 -9.966890e-13)
(2.789640e-01 -1.006630e-12)
(2.825880e-01 -1.016710e-12)
(2.863000e-01 -1.026740e-12)
(2.901010e-01 -1.036820e-12)
(2.939950e-01 -1.046700e-12)
(2.979820e-01 -1.057390e-12)
(3.020000e-01 -1.066790e-12)
(3.060000e-01 -1.076830e-12)
(3.100000e-01 -1.086410e-12)
(3.140000e-01 -1.095750e-12)
(3.180000e-01 -1.104900e-12)
(3.220000e-01 -1.113870e-12)
(3.260000e-01 -1.122580e-12)
(3.300000e-01 -1.131140e-12)
(3.340000e-01 -1.139520e-12)
(3.380000e-01 -1.147610e-12)
(3.420000e-01 -1.155560e-12)
(3.460000e-01 -1.163240e-12)
(3.500000e-01 -1.170750e-12)
(3.540000e-01 -1.178130e-12)
(3.580000e-01 -1.185280e-12)
(3.620000e-01 -1.192240e-12)
(3.660000e-01 -1.198990e-12)
(3.700000e-01 -1.205540e-12)
(3.740000e-01 -1.211870e-12)
(3.780000e-01 -1.218050e-12)
(3.820000e-01 -1.224050e-12)
(3.860000e-01 -1.229770e-12)
(3.900000e-01 -1.235310e-12)
(3.940000e-01 -1.240700e-12)
(3.980000e-01 -1.245830e-12)
(4.020000e-01 -1.250760e-12)
(4.060000e-01 -1.255520e-12)
(4.100000e-01 -1.260070e-12)
(4.140000e-01 -1.264430e-12)
(4.180000e-01 -1.268590e-12)
(4.220000e-01 -1.272570e-12)
(4.260000e-01 -1.276340e-12)
(4.300000e-01 -1.279960e-12)
(4.340000e-01 -1.283320e-12)
(4.380000e-01 -1.286460e-12)
(4.420000e-01 -1.289460e-12)
(4.460000e-01 -1.292170e-12)
(4.500000e-01 -1.295400e-12)
(4.540000e-01 -1.296150e-12)
(4.580000e-01 -1.302010e-12)
(4.620000e-01 -1.296410e-12)
(4.660000e-01 -1.311560e-12)
(4.700000e-01 -1.294150e-12)
(4.740000e-01 -1.312730e-12)
(4.780000e-01 -1.310170e-12)
(4.820000e-01 -1.310900e-12)
(4.860000e-01 -1.343570e-12)
(4.900000e-01 -1.191050e-12)
(4.940000e-01 -1.493200e-12)
(4.980000e-01 -9.822150e-13)
)
