/*--------------------------------*- C++ -*----------------------------------*\
| =========                 |                                                 |
| \\      /  F ield         | OpenFOAM: The Open Source CFD Toolbox           |
|  \\    /   O peration     | Version:  2.4.0                                 |
|   \\  /    A nd           | Web:      www.OpenFOAM.org                      |
|    \\/     M anipulation  |                                                 |
\*---------------------------------------------------------------------------*/
FoamFile
{
    version     2.0;
    format      ascii;
    class       vectorField;
    location    "constant/polyMesh";
    object      points;
}
// * * * * * * * * * * * * * * * * * * * * * * * * * * * * * * * * * * * * * //


1756
(
(0 0 0.001)
(0.46 0 0.001)
(0 0 -0.001)
(0.46 0 -0.001)
(0 0.0005 0.001)
(0.46 0.0005 0.001)
(0 0.0005 -0.001)
(0.46 0.0005 -0.001)
(0 0.001 0.001)
(0.46 0.001 0.001)
(0 0.001 -0.001)
(0.46 0.001 -0.001)
(0 0.0015 0.001)
(0.46 0.0015 0.001)
(0 0.0015 -0.001)
(0.46 0.0015 -0.001)
(0 0.002 0.001)
(0.46 0.002 0.001)
(0 0.002 -0.001)
(0.46 0.002 -0.001)
(0 0.0025 0.001)
(0.46 0.0025 0.001)
(0 0.0025 -0.001)
(0.46 0.0025 -0.001)
(0 0.003 0.001)
(0.46 0.003 0.001)
(0 0.003 -0.001)
(0.46 0.003 -0.001)
(0 0.0035 0.001)
(0.46 0.0035 0.001)
(0 0.0035 -0.001)
(0.46 0.0035 -0.001)
(0 0.004 0.001)
(0.46 0.004 0.001)
(0 0.004 -0.001)
(0.46 0.004 -0.001)
(0 0.0045 0.001)
(0.46 0.0045 0.001)
(0 0.0045 -0.001)
(0.46 0.0045 -0.001)
(0 0.005 0.001)
(0.46 0.005 0.001)
(0 0.005 -0.001)
(0.46 0.005 -0.001)
(0 0.0055 0.001)
(0.46 0.0055 0.001)
(0 0.0055 -0.001)
(0.46 0.0055 -0.001)
(0 0.006 0.001)
(0.46 0.006 0.001)
(0 0.006 -0.001)
(0.46 0.006 -0.001)
(0 0.0065 0.001)
(0.46 0.0065 0.001)
(0 0.0065 -0.001)
(0.46 0.0065 -0.001)
(0 0.007 0.001)
(0.46 0.007 0.001)
(0 0.007 -0.001)
(0.46 0.007 -0.001)
(0 0.0075 0.001)
(0.46 0.0075 0.001)
(0 0.0075 -0.001)
(0.46 0.0075 -0.001)
(0 0.008 0.001)
(0.46 0.008 0.001)
(0 0.008 -0.001)
(0.46 0.008 -0.001)
(0 0.0085 0.001)
(0.46 0.0085 0.001)
(0 0.0085 -0.001)
(0.46 0.0085 -0.001)
(0 0.009 0.001)
(0.46 0.009 0.001)
(0 0.009 -0.001)
(0.46 0.009 -0.001)
(0 0.0095 0.001)
(0.46 0.0095 0.001)
(0 0.0095 -0.001)
(0.46 0.0095 -0.001)
(0 0.01 0.001)
(0.46 0.01 0.001)
(0 0.01 -0.001)
(0.46 0.01 -0.001)
(0 0.0105 0.001)
(0.46 0.0105 0.001)
(0 0.0105 -0.001)
(0.46 0.0105 -0.001)
(0 0.011 0.001)
(0.46 0.011 0.001)
(0 0.011 -0.001)
(0.46 0.011 -0.001)
(0 0.0115 0.001)
(0.46 0.0115 0.001)
(0 0.0115 -0.001)
(0.46 0.0115 -0.001)
(0 0.012 0.001)
(0.46 0.012 0.001)
(0 0.012 -0.001)
(0.46 0.012 -0.001)
(0 0.0125 0.001)
(0.46 0.0125 0.001)
(0 0.0125 -0.001)
(0.46 0.0125 -0.001)
(0 0.013 0.001)
(0.46 0.013 0.001)
(0 0.013 -0.001)
(0.46 0.013 -0.001)
(0 0.0135 0.001)
(0.46 0.0135 0.001)
(0 0.0135 -0.001)
(0.46 0.0135 -0.001)
(0 0.014 0.001)
(0.46 0.014 0.001)
(0 0.014 -0.001)
(0.46 0.014 -0.001)
(0 0.0145 0.001)
(0.46 0.0145 0.001)
(0 0.0145 -0.001)
(0.46 0.0145 -0.001)
(0 0.015 0.001)
(0.46 0.015 0.001)
(0 0.015 -0.001)
(0.46 0.015 -0.001)
(0 0.0155 0.001)
(0.46 0.0155 0.001)
(0 0.0155 -0.001)
(0.46 0.0155 -0.001)
(0 0.016 0.001)
(0.46 0.016 0.001)
(0 0.016 -0.001)
(0.46 0.016 -0.001)
(0 0.0165 0.001)
(0.46 0.0165 0.001)
(0 0.0165 -0.001)
(0.46 0.0165 -0.001)
(0 0.017 0.001)
(0.46 0.017 0.001)
(0 0.017 -0.001)
(0.46 0.017 -0.001)
(0 0.0175 0.001)
(0.46 0.0175 0.001)
(0 0.0175 -0.001)
(0.46 0.0175 -0.001)
(0 0.018 0.001)
(0.46 0.018 0.001)
(0 0.018 -0.001)
(0.46 0.018 -0.001)
(0 0.0185 0.001)
(0.46 0.0185 0.001)
(0 0.0185 -0.001)
(0.46 0.0185 -0.001)
(0 0.019 0.001)
(0.46 0.019 0.001)
(0 0.019 -0.001)
(0.46 0.019 -0.001)
(0 0.0195 0.001)
(0.46 0.0195 0.001)
(0 0.0195 -0.001)
(0.46 0.0195 -0.001)
(0 0.02 0.001)
(0.46 0.02 0.001)
(0 0.02 -0.001)
(0.46 0.02 -0.001)
(0 0.0205 0.001)
(0.46 0.0205 0.001)
(0 0.0205 -0.001)
(0.46 0.0205 -0.001)
(0 0.021 0.001)
(0.46 0.021 0.001)
(0 0.021 -0.001)
(0.46 0.021 -0.001)
(0 0.0215 0.001)
(0.46 0.0215 0.001)
(0 0.0215 -0.001)
(0.46 0.0215 -0.001)
(0 0.022 0.001)
(0.46 0.022 0.001)
(0 0.022 -0.001)
(0.46 0.022 -0.001)
(0 0.0225 0.001)
(0.46 0.0225 0.001)
(0 0.0225 -0.001)
(0.46 0.0225 -0.001)
(0 0.023 0.001)
(0.46 0.023 0.001)
(0 0.023 -0.001)
(0.46 0.023 -0.001)
(0 0.0235 0.001)
(0.46 0.0235 0.001)
(0 0.0235 -0.001)
(0.46 0.0235 -0.001)
(0 0.024 0.001)
(0.46 0.024 0.001)
(0 0.024 -0.001)
(0.46 0.024 -0.001)
(0 0.0245 0.001)
(0.46 0.0245 0.001)
(0 0.0245 -0.001)
(0.46 0.0245 -0.001)
(0 0.025 0.001)
(0.46 0.025 0.001)
(0 0.025 -0.001)
(0.46 0.025 -0.001)
(0 0.0255 0.001)
(0.46 0.0255 0.001)
(0 0.0255 -0.001)
(0.46 0.0255 -0.001)
(0 0.026 0.001)
(0.46 0.026 0.001)
(0 0.026 -0.001)
(0.46 0.026 -0.001)
(0 0.0265 0.001)
(0.46 0.0265 0.001)
(0 0.0265 -0.001)
(0.46 0.0265 -0.001)
(0 0.027 0.001)
(0.46 0.027 0.001)
(0 0.027 -0.001)
(0.46 0.027 -0.001)
(0 0.0275 0.001)
(0.46 0.0275 0.001)
(0 0.0275 -0.001)
(0.46 0.0275 -0.001)
(0 0.028 0.001)
(0.46 0.028 0.001)
(0 0.028 -0.001)
(0.46 0.028 -0.001)
(0 0.0285 0.001)
(0.46 0.0285 0.001)
(0 0.0285 -0.001)
(0.46 0.0285 -0.001)
(0 0.029 0.001)
(0.46 0.029 0.001)
(0 0.029 -0.001)
(0.46 0.029 -0.001)
(0 0.0295 0.001)
(0.46 0.0295 0.001)
(0 0.0295 -0.001)
(0.46 0.0295 -0.001)
(0 0.03 0.001)
(0.46 0.03 0.001)
(0 0.03 -0.001)
(0.46 0.03 -0.001)
(0 0.0305 0.001)
(0.46 0.0305 0.001)
(0 0.0305 -0.001)
(0.46 0.0305 -0.001)
(0 0.031 0.001)
(0.46 0.031 0.001)
(0 0.031 -0.001)
(0.46 0.031 -0.001)
(0 0.0315 0.001)
(0.46 0.0315 0.001)
(0 0.0315 -0.001)
(0.46 0.0315 -0.001)
(0 0.032 0.001)
(0.46 0.032 0.001)
(0 0.032 -0.001)
(0.46 0.032 -0.001)
(0 0.0325 0.001)
(0.46 0.0325 0.001)
(0 0.0325 -0.001)
(0.46 0.0325 -0.001)
(0 0.033 0.001)
(0.46 0.033 0.001)
(0 0.033 -0.001)
(0.46 0.033 -0.001)
(0 0.0335 0.001)
(0.46 0.0335 0.001)
(0 0.0335 -0.001)
(0.46 0.0335 -0.001)
(0 0.034 0.001)
(0.46 0.034 0.001)
(0 0.034 -0.001)
(0.46 0.034 -0.001)
(0 0.0345 0.001)
(0.46 0.0345 0.001)
(0 0.0345 -0.001)
(0.46 0.0345 -0.001)
(0 0.035 0.001)
(0.46 0.035 0.001)
(0 0.035 -0.001)
(0.46 0.035 -0.001)
(0 0.0355 0.001)
(0.46 0.0355 0.001)
(0 0.0355 -0.001)
(0.46 0.0355 -0.001)
(0 0.036 0.001)
(0.46 0.036 0.001)
(0 0.036 -0.001)
(0.46 0.036 -0.001)
(0 0.0365 0.001)
(0.46 0.0365 0.001)
(0 0.0365 -0.001)
(0.46 0.0365 -0.001)
(0 0.037 0.001)
(0.46 0.037 0.001)
(0 0.037 -0.001)
(0.46 0.037 -0.001)
(0 0.0375 0.001)
(0.46 0.0375 0.001)
(0 0.0375 -0.001)
(0.46 0.0375 -0.001)
(0 0.038 0.001)
(0.46 0.038 0.001)
(0 0.038 -0.001)
(0.46 0.038 -0.001)
(0 0.0385 0.001)
(0.46 0.0385 0.001)
(0 0.0385 -0.001)
(0.46 0.0385 -0.001)
(0 0.039 0.001)
(0.46 0.039 0.001)
(0 0.039 -0.001)
(0.46 0.039 -0.001)
(0 0.0395 0.001)
(0.46 0.0395 0.001)
(0 0.0395 -0.001)
(0.46 0.0395 -0.001)
(0 0.04 0.001)
(0.46 0.04 0.001)
(0 0.04 -0.001)
(0.46 0.04 -0.001)
(0 0.0405 0.001)
(0.46 0.0405 0.001)
(0 0.0405 -0.001)
(0.46 0.0405 -0.001)
(0 0.041 0.001)
(0.46 0.041 0.001)
(0 0.041 -0.001)
(0.46 0.041 -0.001)
(0 0.0415 0.001)
(0.46 0.0415 0.001)
(0 0.0415 -0.001)
(0.46 0.0415 -0.001)
(0 0.042 0.001)
(0.46 0.042 0.001)
(0 0.042 -0.001)
(0.46 0.042 -0.001)
(0 0.0425 0.001)
(0.46 0.0425 0.001)
(0 0.0425 -0.001)
(0.46 0.0425 -0.001)
(0 0.043 0.001)
(0.46 0.043 0.001)
(0 0.043 -0.001)
(0.46 0.043 -0.001)
(0 0.0435 0.001)
(0.46 0.0435 0.001)
(0 0.0435 -0.001)
(0.46 0.0435 -0.001)
(0 0.044 0.001)
(0.46 0.044 0.001)
(0 0.044 -0.001)
(0.46 0.044 -0.001)
(0 0.0445 0.001)
(0.46 0.0445 0.001)
(0 0.0445 -0.001)
(0.46 0.0445 -0.001)
(0 0.045 0.001)
(0.46 0.045 0.001)
(0 0.045 -0.001)
(0.46 0.045 -0.001)
(0 0.0455 0.001)
(0.46 0.0455 0.001)
(0 0.0455 -0.001)
(0.46 0.0455 -0.001)
(0 0.046 0.001)
(0.46 0.046 0.001)
(0 0.046 -0.001)
(0.46 0.046 -0.001)
(0 0.0465 0.001)
(0.46 0.0465 0.001)
(0 0.0465 -0.001)
(0.46 0.0465 -0.001)
(0 0.047 0.001)
(0.46 0.047 0.001)
(0 0.047 -0.001)
(0.46 0.047 -0.001)
(0 0.0475 0.001)
(0.46 0.0475 0.001)
(0 0.0475 -0.001)
(0.46 0.0475 -0.001)
(0 0.048 0.001)
(0.46 0.048 0.001)
(0 0.048 -0.001)
(0.46 0.048 -0.001)
(0 0.0485 0.001)
(0.46 0.0485 0.001)
(0 0.0485 -0.001)
(0.46 0.0485 -0.001)
(0 0.049 0.001)
(0.46 0.049 0.001)
(0 0.049 -0.001)
(0.46 0.049 -0.001)
(0 0.0495 0.001)
(0.46 0.0495 0.001)
(0 0.0495 -0.001)
(0.46 0.0495 -0.001)
(0 0.05 0.001)
(0.46 0.05 0.001)
(0 0.05 -0.001)
(0.46 0.05 -0.001)
(0 0.0505 0.001)
(0.46 0.0505 0.001)
(0 0.0505 -0.001)
(0.46 0.0505 -0.001)
(0 0.051 0.001)
(0.46 0.051 0.001)
(0 0.051 -0.001)
(0.46 0.051 -0.001)
(0 0.0515 0.001)
(0.46 0.0515 0.001)
(0 0.0515 -0.001)
(0.46 0.0515 -0.001)
(0 0.052 0.001)
(0.46 0.052 0.001)
(0 0.052 -0.001)
(0.46 0.052 -0.001)
(0 0.0525 0.001)
(0.46 0.0525 0.001)
(0 0.0525 -0.001)
(0.46 0.0525 -0.001)
(0 0.053 0.001)
(0.46 0.053 0.001)
(0 0.053 -0.001)
(0.46 0.053 -0.001)
(0 0.0535 0.001)
(0.46 0.0535 0.001)
(0 0.0535 -0.001)
(0.46 0.0535 -0.001)
(0 0.054 0.001)
(0.46 0.054 0.001)
(0 0.054 -0.001)
(0.46 0.054 -0.001)
(0 0.0545 0.001)
(0.46 0.0545 0.001)
(0 0.0545 -0.001)
(0.46 0.0545 -0.001)
(0 0.055 0.001)
(0.46 0.055 0.001)
(0 0.055 -0.001)
(0.46 0.055 -0.001)
(0 0.0555 0.001)
(0.46 0.0555 0.001)
(0 0.0555 -0.001)
(0.46 0.0555 -0.001)
(0 0.056 0.001)
(0.46 0.056 0.001)
(0 0.056 -0.001)
(0.46 0.056 -0.001)
(0 0.0565 0.001)
(0.46 0.0565 0.001)
(0 0.0565 -0.001)
(0.46 0.0565 -0.001)
(0 0.057 0.001)
(0.46 0.057 0.001)
(0 0.057 -0.001)
(0.46 0.057 -0.001)
(0 0.0575 0.001)
(0.46 0.0575 0.001)
(0 0.0575 -0.001)
(0.46 0.0575 -0.001)
(0 0.058 0.001)
(0.46 0.058 0.001)
(0 0.058 -0.001)
(0.46 0.058 -0.001)
(0 0.0585 0.001)
(0.46 0.0585 0.001)
(0 0.0585 -0.001)
(0.46 0.0585 -0.001)
(0 0.059 0.001)
(0.46 0.059 0.001)
(0 0.059 -0.001)
(0.46 0.059 -0.001)
(0 0.0595 0.001)
(0.46 0.0595 0.001)
(0 0.0595 -0.001)
(0.46 0.0595 -0.001)
(0 0.06 0.001)
(0.46 0.06 0.001)
(0 0.06 -0.001)
(0.46 0.06 -0.001)
(0 0.0605 0.001)
(0.46 0.0605 0.001)
(0 0.0605 -0.001)
(0.46 0.0605 -0.001)
(0 0.061 0.001)
(0.46 0.061 0.001)
(0 0.061 -0.001)
(0.46 0.061 -0.001)
(0 0.0615 0.001)
(0.46 0.0615 0.001)
(0 0.0615 -0.001)
(0.46 0.0615 -0.001)
(0 0.062 0.001)
(0.46 0.062 0.001)
(0 0.062 -0.001)
(0.46 0.062 -0.001)
(0 0.0625 0.001)
(0.46 0.0625 0.001)
(0 0.0625 -0.001)
(0.46 0.0625 -0.001)
(0 0.063 0.001)
(0.46 0.063 0.001)
(0 0.063 -0.001)
(0.46 0.063 -0.001)
(0 0.0635 0.001)
(0.46 0.0635 0.001)
(0 0.0635 -0.001)
(0.46 0.0635 -0.001)
(0 0.064 0.001)
(0.46 0.064 0.001)
(0 0.064 -0.001)
(0.46 0.064 -0.001)
(0 0.0645 0.001)
(0.46 0.0645 0.001)
(0 0.0645 -0.001)
(0.46 0.0645 -0.001)
(0 0.065 0.001)
(0.46 0.065 0.001)
(0 0.065 -0.001)
(0.46 0.065 -0.001)
(0 0.0655 0.001)
(0.46 0.0655 0.001)
(0 0.0655 -0.001)
(0.46 0.0655 -0.001)
(0 0.066 0.001)
(0.46 0.066 0.001)
(0 0.066 -0.001)
(0.46 0.066 -0.001)
(0 0.0665 0.001)
(0.46 0.0665 0.001)
(0 0.0665 -0.001)
(0.46 0.0665 -0.001)
(0 0.067 0.001)
(0.46 0.067 0.001)
(0 0.067 -0.001)
(0.46 0.067 -0.001)
(0 0.0675 0.001)
(0.46 0.0675 0.001)
(0 0.0675 -0.001)
(0.46 0.0675 -0.001)
(0 0.068 0.001)
(0.46 0.068 0.001)
(0 0.068 -0.001)
(0.46 0.068 -0.001)
(0 0.0685 0.001)
(0.46 0.0685 0.001)
(0 0.0685 -0.001)
(0.46 0.0685 -0.001)
(0 0.069 0.001)
(0.46 0.069 0.001)
(0 0.069 -0.001)
(0.46 0.069 -0.001)
(0 0.0695 0.001)
(0.46 0.0695 0.001)
(0 0.0695 -0.001)
(0.46 0.0695 -0.001)
(0 0.07 0.001)
(0.46 0.07 0.001)
(0 0.07 -0.001)
(0.46 0.07 -0.001)
(0 0.0705 0.001)
(0.46 0.0705 0.001)
(0 0.0705 -0.001)
(0.46 0.0705 -0.001)
(0 0.071 0.001)
(0.46 0.071 0.001)
(0 0.071 -0.001)
(0.46 0.071 -0.001)
(0 0.0715 0.001)
(0.46 0.0715 0.001)
(0 0.0715 -0.001)
(0.46 0.0715 -0.001)
(0 0.072 0.001)
(0.46 0.072 0.001)
(0 0.072 -0.001)
(0.46 0.072 -0.001)
(0 0.0725 0.001)
(0.46 0.0725 0.001)
(0 0.0725 -0.001)
(0.46 0.0725 -0.001)
(0 0.073 0.001)
(0.46 0.073 0.001)
(0 0.073 -0.001)
(0.46 0.073 -0.001)
(0 0.0735 0.001)
(0.46 0.0735 0.001)
(0 0.0735 -0.001)
(0.46 0.0735 -0.001)
(0 0.074 0.001)
(0.46 0.074 0.001)
(0 0.074 -0.001)
(0.46 0.074 -0.001)
(0 0.0745 0.001)
(0.46 0.0745 0.001)
(0 0.0745 -0.001)
(0.46 0.0745 -0.001)
(0 0.075 0.001)
(0.46 0.075 0.001)
(0 0.075 -0.001)
(0.46 0.075 -0.001)
(0 0.0755 0.001)
(0.46 0.0755 0.001)
(0 0.0755 -0.001)
(0.46 0.0755 -0.001)
(0 0.076 0.001)
(0.46 0.076 0.001)
(0 0.076 -0.001)
(0.46 0.076 -0.001)
(0 0.0765 0.001)
(0.46 0.0765 0.001)
(0 0.0765 -0.001)
(0.46 0.0765 -0.001)
(0 0.077 0.001)
(0.46 0.077 0.001)
(0 0.077 -0.001)
(0.46 0.077 -0.001)
(0 0.0775 0.001)
(0.46 0.0775 0.001)
(0 0.0775 -0.001)
(0.46 0.0775 -0.001)
(0 0.078 0.001)
(0.46 0.078 0.001)
(0 0.078 -0.001)
(0.46 0.078 -0.001)
(0 0.0785 0.001)
(0.46 0.0785 0.001)
(0 0.0785 -0.001)
(0.46 0.0785 -0.001)
(0 0.079 0.001)
(0.46 0.079 0.001)
(0 0.079 -0.001)
(0.46 0.079 -0.001)
(0 0.0795 0.001)
(0.46 0.0795 0.001)
(0 0.0795 -0.001)
(0.46 0.0795 -0.001)
(0 0.08 0.001)
(0.46 0.08 0.001)
(0 0.08 -0.001)
(0.46 0.08 -0.001)
(0 0.0805 0.001)
(0.46 0.0805 0.001)
(0 0.0805 -0.001)
(0.46 0.0805 -0.001)
(0 0.081 0.001)
(0.46 0.081 0.001)
(0 0.081 -0.001)
(0.46 0.081 -0.001)
(0 0.0815 0.001)
(0.46 0.0815 0.001)
(0 0.0815 -0.001)
(0.46 0.0815 -0.001)
(0 0.082 0.001)
(0.46 0.082 0.001)
(0 0.082 -0.001)
(0.46 0.082 -0.001)
(0 0.0825 0.001)
(0.46 0.0825 0.001)
(0 0.0825 -0.001)
(0.46 0.0825 -0.001)
(0 0.083 0.001)
(0.46 0.083 0.001)
(0 0.083 -0.001)
(0.46 0.083 -0.001)
(0 0.0835 0.001)
(0.46 0.0835 0.001)
(0 0.0835 -0.001)
(0.46 0.0835 -0.001)
(0 0.084 0.001)
(0.46 0.084 0.001)
(0 0.084 -0.001)
(0.46 0.084 -0.001)
(0 0.0845 0.001)
(0.46 0.0845 0.001)
(0 0.0845 -0.001)
(0.46 0.0845 -0.001)
(0 0.085 0.001)
(0.46 0.085 0.001)
(0 0.085 -0.001)
(0.46 0.085 -0.001)
(0 0.0855 0.001)
(0.46 0.0855 0.001)
(0 0.0855 -0.001)
(0.46 0.0855 -0.001)
(0 0.086 0.001)
(0.46 0.086 0.001)
(0 0.086 -0.001)
(0.46 0.086 -0.001)
(0 0.0865 0.001)
(0.46 0.0865 0.001)
(0 0.0865 -0.001)
(0.46 0.0865 -0.001)
(0 0.087 0.001)
(0.46 0.087 0.001)
(0 0.087 -0.001)
(0.46 0.087 -0.001)
(0 0.0875 0.001)
(0.46 0.0875 0.001)
(0 0.0875 -0.001)
(0.46 0.0875 -0.001)
(0 0.088 0.001)
(0.46 0.088 0.001)
(0 0.088 -0.001)
(0.46 0.088 -0.001)
(0 0.0885 0.001)
(0.46 0.0885 0.001)
(0 0.0885 -0.001)
(0.46 0.0885 -0.001)
(0 0.089 0.001)
(0.46 0.089 0.001)
(0 0.089 -0.001)
(0.46 0.089 -0.001)
(0 0.0895 0.001)
(0.46 0.0895 0.001)
(0 0.0895 -0.001)
(0.46 0.0895 -0.001)
(0 0.09 0.001)
(0.46 0.09 0.001)
(0 0.09 -0.001)
(0.46 0.09 -0.001)
(0 0.0905 0.001)
(0.46 0.0905 0.001)
(0 0.0905 -0.001)
(0.46 0.0905 -0.001)
(0 0.091 0.001)
(0.46 0.091 0.001)
(0 0.091 -0.001)
(0.46 0.091 -0.001)
(0 0.0915 0.001)
(0.46 0.0915 0.001)
(0 0.0915 -0.001)
(0.46 0.0915 -0.001)
(0 0.092 0.001)
(0.46 0.092 0.001)
(0 0.092 -0.001)
(0.46 0.092 -0.001)
(0 0.0925 0.001)
(0.46 0.0925 0.001)
(0 0.0925 -0.001)
(0.46 0.0925 -0.001)
(0 0.093 0.001)
(0.46 0.093 0.001)
(0 0.093 -0.001)
(0.46 0.093 -0.001)
(0 0.0935 0.001)
(0.46 0.0935 0.001)
(0 0.0935 -0.001)
(0.46 0.0935 -0.001)
(0 0.094 0.001)
(0.46 0.094 0.001)
(0 0.094 -0.001)
(0.46 0.094 -0.001)
(0 0.0945 0.001)
(0.46 0.0945 0.001)
(0 0.0945 -0.001)
(0.46 0.0945 -0.001)
(0 0.095 0.001)
(0.46 0.095 0.001)
(0 0.095 -0.001)
(0.46 0.095 -0.001)
(0 0.0955 0.001)
(0.46 0.0955 0.001)
(0 0.0955 -0.001)
(0.46 0.0955 -0.001)
(0 0.096 0.001)
(0.46 0.096 0.001)
(0 0.096 -0.001)
(0.46 0.096 -0.001)
(0 0.0965 0.001)
(0.46 0.0965 0.001)
(0 0.0965 -0.001)
(0.46 0.0965 -0.001)
(0 0.097 0.001)
(0.46 0.097 0.001)
(0 0.097 -0.001)
(0.46 0.097 -0.001)
(0 0.0975 0.001)
(0.46 0.0975 0.001)
(0 0.0975 -0.001)
(0.46 0.0975 -0.001)
(0 0.098 0.001)
(0.46 0.098 0.001)
(0 0.098 -0.001)
(0.46 0.098 -0.001)
(0 0.0985 0.001)
(0.46 0.0985 0.001)
(0 0.0985 -0.001)
(0.46 0.0985 -0.001)
(0 0.099 0.001)
(0.46 0.099 0.001)
(0 0.099 -0.001)
(0.46 0.099 -0.001)
(0 0.0995 0.001)
(0.46 0.0995 0.001)
(0 0.0995 -0.001)
(0.46 0.0995 -0.001)
(0 0.1 0.001)
(0.46 0.1 0.001)
(0 0.1 -0.001)
(0.46 0.1 -0.001)
(0 0.1005 0.001)
(0.46 0.1005 0.001)
(0 0.1005 -0.001)
(0.46 0.1005 -0.001)
(0 0.101 0.001)
(0.46 0.101 0.001)
(0 0.101 -0.001)
(0.46 0.101 -0.001)
(0 0.1015 0.001)
(0.46 0.1015 0.001)
(0 0.1015 -0.001)
(0.46 0.1015 -0.001)
(0 0.102 0.001)
(0.46 0.102 0.001)
(0 0.102 -0.001)
(0.46 0.102 -0.001)
(0 0.1025 0.001)
(0.46 0.1025 0.001)
(0 0.1025 -0.001)
(0.46 0.1025 -0.001)
(0 0.103 0.001)
(0.46 0.103 0.001)
(0 0.103 -0.001)
(0.46 0.103 -0.001)
(0 0.1035 0.001)
(0.46 0.1035 0.001)
(0 0.1035 -0.001)
(0.46 0.1035 -0.001)
(0 0.104 0.001)
(0.46 0.104 0.001)
(0 0.104 -0.001)
(0.46 0.104 -0.001)
(0 0.1045 0.001)
(0.46 0.1045 0.001)
(0 0.1045 -0.001)
(0.46 0.1045 -0.001)
(0 0.105 0.001)
(0.46 0.105 0.001)
(0 0.105 -0.001)
(0.46 0.105 -0.001)
(0 0.1055 0.001)
(0.46 0.1055 0.001)
(0 0.1055 -0.001)
(0.46 0.1055 -0.001)
(0 0.106 0.001)
(0.46 0.106 0.001)
(0 0.106 -0.001)
(0.46 0.106 -0.001)
(0 0.1065 0.001)
(0.46 0.1065 0.001)
(0 0.1065 -0.001)
(0.46 0.1065 -0.001)
(0 0.107 0.001)
(0.46 0.107 0.001)
(0 0.107 -0.001)
(0.46 0.107 -0.001)
(0 0.1075 0.001)
(0.46 0.1075 0.001)
(0 0.1075 -0.001)
(0.46 0.1075 -0.001)
(0 0.108 0.001)
(0.46 0.108 0.001)
(0 0.108 -0.001)
(0.46 0.108 -0.001)
(0 0.1085 0.001)
(0.46 0.1085 0.001)
(0 0.1085 -0.001)
(0.46 0.1085 -0.001)
(0 0.109 0.001)
(0.46 0.109 0.001)
(0 0.109 -0.001)
(0.46 0.109 -0.001)
(0 0.1095 0.001)
(0.46 0.1095 0.001)
(0 0.1095 -0.001)
(0.46 0.1095 -0.001)
(0 0.11 0.001)
(0.46 0.11 0.001)
(0 0.11 -0.001)
(0.46 0.11 -0.001)
(0 0.1105 0.001)
(0.46 0.1105 0.001)
(0 0.1105 -0.001)
(0.46 0.1105 -0.001)
(0 0.111 0.001)
(0.46 0.111 0.001)
(0 0.111 -0.001)
(0.46 0.111 -0.001)
(0 0.1115 0.001)
(0.46 0.1115 0.001)
(0 0.1115 -0.001)
(0.46 0.1115 -0.001)
(0 0.112 0.001)
(0.46 0.112 0.001)
(0 0.112 -0.001)
(0.46 0.112 -0.001)
(0 0.1125 0.001)
(0.46 0.1125 0.001)
(0 0.1125 -0.001)
(0.46 0.1125 -0.001)
(0 0.113 0.001)
(0.46 0.113 0.001)
(0 0.113 -0.001)
(0.46 0.113 -0.001)
(0 0.1135 0.001)
(0.46 0.1135 0.001)
(0 0.1135 -0.001)
(0.46 0.1135 -0.001)
(0 0.114 0.001)
(0.46 0.114 0.001)
(0 0.114 -0.001)
(0.46 0.114 -0.001)
(0 0.1145 0.001)
(0.46 0.1145 0.001)
(0 0.1145 -0.001)
(0.46 0.1145 -0.001)
(0 0.115 0.001)
(0.46 0.115 0.001)
(0 0.115 -0.001)
(0.46 0.115 -0.001)
(0 0.1155 0.001)
(0.46 0.1155 0.001)
(0 0.1155 -0.001)
(0.46 0.1155 -0.001)
(0 0.116 0.001)
(0.46 0.116 0.001)
(0 0.116 -0.001)
(0.46 0.116 -0.001)
(0 0.1165 0.001)
(0.46 0.1165 0.001)
(0 0.1165 -0.001)
(0.46 0.1165 -0.001)
(0 0.117 0.001)
(0.46 0.117 0.001)
(0 0.117 -0.001)
(0.46 0.117 -0.001)
(0 0.1175 0.001)
(0.46 0.1175 0.001)
(0 0.1175 -0.001)
(0.46 0.1175 -0.001)
(0 0.118 0.001)
(0.46 0.118 0.001)
(0 0.118 -0.001)
(0.46 0.118 -0.001)
(0 0.1185 0.001)
(0.46 0.1185 0.001)
(0 0.1185 -0.001)
(0.46 0.1185 -0.001)
(0 0.119 0.001)
(0.46 0.119 0.001)
(0 0.119 -0.001)
(0.46 0.119 -0.001)
(0 0.1195 0.001)
(0.46 0.1195 0.001)
(0 0.1195 -0.001)
(0.46 0.1195 -0.001)
(0 0.12 0.001)
(0.46 0.12 0.001)
(0 0.12 -0.001)
(0.46 0.12 -0.001)
(0 0.1205 0.001)
(0.46 0.1205 0.001)
(0 0.1205 -0.001)
(0.46 0.1205 -0.001)
(0 0.121 0.001)
(0.46 0.121 0.001)
(0 0.121 -0.001)
(0.46 0.121 -0.001)
(0 0.1215 0.001)
(0.46 0.1215 0.001)
(0 0.1215 -0.001)
(0.46 0.1215 -0.001)
(0 0.122 0.001)
(0.46 0.122 0.001)
(0 0.122 -0.001)
(0.46 0.122 -0.001)
(0 0.1225 0.001)
(0.46 0.1225 0.001)
(0 0.1225 -0.001)
(0.46 0.1225 -0.001)
(0 0.123 0.001)
(0.46 0.123 0.001)
(0 0.123 -0.001)
(0.46 0.123 -0.001)
(0 0.1235 0.001)
(0.46 0.1235 0.001)
(0 0.1235 -0.001)
(0.46 0.1235 -0.001)
(0 0.124 0.001)
(0.46 0.124 0.001)
(0 0.124 -0.001)
(0.46 0.124 -0.001)
(0 0.1245 0.001)
(0.46 0.1245 0.001)
(0 0.1245 -0.001)
(0.46 0.1245 -0.001)
(0 0.125 0.001)
(0.46 0.125 0.001)
(0 0.125 -0.001)
(0.46 0.125 -0.001)
(0 0.1255 0.001)
(0.46 0.1255 0.001)
(0 0.1255 -0.001)
(0.46 0.1255 -0.001)
(0 0.126 0.001)
(0.46 0.126 0.001)
(0 0.126 -0.001)
(0.46 0.126 -0.001)
(0 0.1265 0.001)
(0.46 0.1265 0.001)
(0 0.1265 -0.001)
(0.46 0.1265 -0.001)
(0 0.127 0.001)
(0.46 0.127 0.001)
(0 0.127 -0.001)
(0.46 0.127 -0.001)
(0 0.1275 0.001)
(0.46 0.1275 0.001)
(0 0.1275 -0.001)
(0.46 0.1275 -0.001)
(0 0.128 0.001)
(0.46 0.128 0.001)
(0 0.128 -0.001)
(0.46 0.128 -0.001)
(0 0.1285 0.001)
(0.46 0.1285 0.001)
(0 0.1285 -0.001)
(0.46 0.1285 -0.001)
(0 0.129 0.001)
(0.46 0.129 0.001)
(0 0.129 -0.001)
(0.46 0.129 -0.001)
(0 0.1295 0.001)
(0.46 0.1295 0.001)
(0 0.1295 -0.001)
(0.46 0.1295 -0.001)
(0 0.13 0.001)
(0.46 0.13 0.001)
(0 0.13 -0.001)
(0.46 0.13 -0.001)
(0 0.1305 0.001)
(0.46 0.1305 0.001)
(0 0.1305 -0.001)
(0.46 0.1305 -0.001)
(0 0.131 0.001)
(0.46 0.131 0.001)
(0 0.131 -0.001)
(0.46 0.131 -0.001)
(0 0.1315 0.001)
(0.46 0.1315 0.001)
(0 0.1315 -0.001)
(0.46 0.1315 -0.001)
(0 0.132 0.001)
(0.46 0.132 0.001)
(0 0.132 -0.001)
(0.46 0.132 -0.001)
(0 0.1325 0.001)
(0.46 0.1325 0.001)
(0 0.1325 -0.001)
(0.46 0.1325 -0.001)
(0 0.133 0.001)
(0.46 0.133 0.001)
(0 0.133 -0.001)
(0.46 0.133 -0.001)
(0 0.1335 0.001)
(0.46 0.1335 0.001)
(0 0.1335 -0.001)
(0.46 0.1335 -0.001)
(0 0.134 0.001)
(0.46 0.134 0.001)
(0 0.134 -0.001)
(0.46 0.134 -0.001)
(0 0.1345 0.001)
(0.46 0.1345 0.001)
(0 0.1345 -0.001)
(0.46 0.1345 -0.001)
(0 0.135 0.001)
(0.46 0.135 0.001)
(0 0.135 -0.001)
(0.46 0.135 -0.001)
(0 0.1355 0.001)
(0.46 0.1355 0.001)
(0 0.1355 -0.001)
(0.46 0.1355 -0.001)
(0 0.136 0.001)
(0.46 0.136 0.001)
(0 0.136 -0.001)
(0.46 0.136 -0.001)
(0 0.1365 0.001)
(0.46 0.1365 0.001)
(0 0.1365 -0.001)
(0.46 0.1365 -0.001)
(0 0.137 0.001)
(0.46 0.137 0.001)
(0 0.137 -0.001)
(0.46 0.137 -0.001)
(0 0.1375 0.001)
(0.46 0.1375 0.001)
(0 0.1375 -0.001)
(0.46 0.1375 -0.001)
(0 0.138 0.001)
(0.46 0.138 0.001)
(0 0.138 -0.001)
(0.46 0.138 -0.001)
(0 0.1385 0.001)
(0.46 0.1385 0.001)
(0 0.1385 -0.001)
(0.46 0.1385 -0.001)
(0 0.139 0.001)
(0.46 0.139 0.001)
(0 0.139 -0.001)
(0.46 0.139 -0.001)
(0 0.1395 0.001)
(0.46 0.1395 0.001)
(0 0.1395 -0.001)
(0.46 0.1395 -0.001)
(0 0.14 0.001)
(0.46 0.14 0.001)
(0 0.14 -0.001)
(0.46 0.14 -0.001)
(0 0.1405 0.001)
(0.46 0.1405 0.001)
(0 0.1405 -0.001)
(0.46 0.1405 -0.001)
(0 0.141 0.001)
(0.46 0.141 0.001)
(0 0.141 -0.001)
(0.46 0.141 -0.001)
(0 0.1415 0.001)
(0.46 0.1415 0.001)
(0 0.1415 -0.001)
(0.46 0.1415 -0.001)
(0 0.142 0.001)
(0.46 0.142 0.001)
(0 0.142 -0.001)
(0.46 0.142 -0.001)
(0 0.1425 0.001)
(0.46 0.1425 0.001)
(0 0.1425 -0.001)
(0.46 0.1425 -0.001)
(0 0.143 0.001)
(0.46 0.143 0.001)
(0 0.143 -0.001)
(0.46 0.143 -0.001)
(0 0.1435 0.001)
(0.46 0.1435 0.001)
(0 0.1435 -0.001)
(0.46 0.1435 -0.001)
(0 0.144 0.001)
(0.46 0.144 0.001)
(0 0.144 -0.001)
(0.46 0.144 -0.001)
(0 0.1445 0.001)
(0.46 0.1445 0.001)
(0 0.1445 -0.001)
(0.46 0.1445 -0.001)
(0 0.145 0.001)
(0.46 0.145 0.001)
(0 0.145 -0.001)
(0.46 0.145 -0.001)
(0 0.1455 0.001)
(0.46 0.1455 0.001)
(0 0.1455 -0.001)
(0.46 0.1455 -0.001)
(0 0.146 0.001)
(0.46 0.146 0.001)
(0 0.146 -0.001)
(0.46 0.146 -0.001)
(0 0.1465 0.001)
(0.46 0.1465 0.001)
(0 0.1465 -0.001)
(0.46 0.1465 -0.001)
(0 0.147 0.001)
(0.46 0.147 0.001)
(0 0.147 -0.001)
(0.46 0.147 -0.001)
(0 0.1475 0.001)
(0.46 0.1475 0.001)
(0 0.1475 -0.001)
(0.46 0.1475 -0.001)
(0 0.148 0.001)
(0.46 0.148 0.001)
(0 0.148 -0.001)
(0.46 0.148 -0.001)
(0 0.1485 0.001)
(0.46 0.1485 0.001)
(0 0.1485 -0.001)
(0.46 0.1485 -0.001)
(0 0.149 0.001)
(0.46 0.149 0.001)
(0 0.149 -0.001)
(0.46 0.149 -0.001)
(0 0.1495 0.001)
(0.46 0.1495 0.001)
(0 0.1495 -0.001)
(0.46 0.1495 -0.001)
(0 0.15 0.001)
(0.46 0.15 0.001)
(0 0.15 -0.001)
(0.46 0.15 -0.001)
(0 0.1505044034 0.001)
(0.46 0.1505044034 0.001)
(0 0.1505044034 -0.001)
(0.46 0.1505044034 -0.001)
(0 0.1510210081 0.001)
(0.46 0.1510210081 0.001)
(0 0.1510210081 -0.001)
(0.46 0.1510210081 -0.001)
(0 0.1515501092 0.001)
(0.46 0.1515501092 0.001)
(0 0.1515501092 -0.001)
(0.46 0.1515501092 -0.001)
(0 0.152092009 0.001)
(0.46 0.152092009 0.001)
(0 0.152092009 -0.001)
(0.46 0.152092009 -0.001)
(0 0.1526470172 0.001)
(0.46 0.1526470172 0.001)
(0 0.1526470172 -0.001)
(0.46 0.1526470172 -0.001)
(0 0.1532154507 0.001)
(0.46 0.1532154507 0.001)
(0 0.1532154507 -0.001)
(0.46 0.1532154507 -0.001)
(0 0.1537976345 0.001)
(0.46 0.1537976345 0.001)
(0 0.1537976345 -0.001)
(0.46 0.1537976345 -0.001)
(0 0.1543939009 0.001)
(0.46 0.1543939009 0.001)
(0 0.1543939009 -0.001)
(0.46 0.1543939009 -0.001)
(0 0.1550045909 0.001)
(0.46 0.1550045909 0.001)
(0 0.1550045909 -0.001)
(0.46 0.1550045909 -0.001)
(0 0.1556300531 0.001)
(0.46 0.1556300531 0.001)
(0 0.1556300531 -0.001)
(0.46 0.1556300531 -0.001)
(0 0.156270645 0.001)
(0.46 0.156270645 0.001)
(0 0.156270645 -0.001)
(0.46 0.156270645 -0.001)
(0 0.1569267325 0.001)
(0.46 0.1569267325 0.001)
(0 0.1569267325 -0.001)
(0.46 0.1569267325 -0.001)
(0 0.1575986905 0.001)
(0.46 0.1575986905 0.001)
(0 0.1575986905 -0.001)
(0.46 0.1575986905 -0.001)
(0 0.1582869029 0.001)
(0.46 0.1582869029 0.001)
(0 0.1582869029 -0.001)
(0.46 0.1582869029 -0.001)
(0 0.1589917628 0.001)
(0.46 0.1589917628 0.001)
(0 0.1589917628 -0.001)
(0.46 0.1589917628 -0.001)
(0 0.159713673 0.001)
(0.46 0.159713673 0.001)
(0 0.159713673 -0.001)
(0.46 0.159713673 -0.001)
(0 0.1604530458 0.001)
(0.46 0.1604530458 0.001)
(0 0.1604530458 -0.001)
(0.46 0.1604530458 -0.001)
(0 0.1612103038 0.001)
(0.46 0.1612103038 0.001)
(0 0.1612103038 -0.001)
(0.46 0.1612103038 -0.001)
(0 0.1619858795 0.001)
(0.46 0.1619858795 0.001)
(0 0.1619858795 -0.001)
(0.46 0.1619858795 -0.001)
(0 0.162780216 0.001)
(0.46 0.162780216 0.001)
(0 0.162780216 -0.001)
(0.46 0.162780216 -0.001)
(0 0.1635937672 0.001)
(0.46 0.1635937672 0.001)
(0 0.1635937672 -0.001)
(0.46 0.1635937672 -0.001)
(0 0.1644269978 0.001)
(0.46 0.1644269978 0.001)
(0 0.1644269978 -0.001)
(0.46 0.1644269978 -0.001)
(0 0.1652803839 0.001)
(0.46 0.1652803839 0.001)
(0 0.1652803839 -0.001)
(0.46 0.1652803839 -0.001)
(0 0.1661544131 0.001)
(0.46 0.1661544131 0.001)
(0 0.1661544131 -0.001)
(0.46 0.1661544131 -0.001)
(0 0.1670495846 0.001)
(0.46 0.1670495846 0.001)
(0 0.1670495846 -0.001)
(0.46 0.1670495846 -0.001)
(0 0.16796641 0.001)
(0.46 0.16796641 0.001)
(0 0.16796641 -0.001)
(0.46 0.16796641 -0.001)
(0 0.1689054129 0.001)
(0.46 0.1689054129 0.001)
(0 0.1689054129 -0.001)
(0.46 0.1689054129 -0.001)
(0 0.1698671299 0.001)
(0.46 0.1698671299 0.001)
(0 0.1698671299 -0.001)
(0.46 0.1698671299 -0.001)
(0 0.1708521104 0.001)
(0.46 0.1708521104 0.001)
(0 0.1708521104 -0.001)
(0.46 0.1708521104 -0.001)
(0 0.1718609172 0.001)
(0.46 0.1718609172 0.001)
(0 0.1718609172 -0.001)
(0.46 0.1718609172 -0.001)
(0 0.1728941265 0.001)
(0.46 0.1728941265 0.001)
(0 0.1728941265 -0.001)
(0.46 0.1728941265 -0.001)
(0 0.1739523288 0.001)
(0.46 0.1739523288 0.001)
(0 0.1739523288 -0.001)
(0.46 0.1739523288 -0.001)
(0 0.1750361285 0.001)
(0.46 0.1750361285 0.001)
(0 0.1750361285 -0.001)
(0.46 0.1750361285 -0.001)
(0 0.1761461448 0.001)
(0.46 0.1761461448 0.001)
(0 0.1761461448 -0.001)
(0.46 0.1761461448 -0.001)
(0 0.1772830119 0.001)
(0.46 0.1772830119 0.001)
(0 0.1772830119 -0.001)
(0.46 0.1772830119 -0.001)
(0 0.1784473793 0.001)
(0.46 0.1784473793 0.001)
(0 0.1784473793 -0.001)
(0.46 0.1784473793 -0.001)
(0 0.1796399123 0.001)
(0.46 0.1796399123 0.001)
(0 0.1796399123 -0.001)
(0.46 0.1796399123 -0.001)
(0 0.1808612921 0.001)
(0.46 0.1808612921 0.001)
(0 0.1808612921 -0.001)
(0.46 0.1808612921 -0.001)
(0 0.1821122166 0.001)
(0.46 0.1821122166 0.001)
(0 0.1821122166 -0.001)
(0.46 0.1821122166 -0.001)
(0 0.1833934004 0.001)
(0.46 0.1833934004 0.001)
(0 0.1833934004 -0.001)
(0.46 0.1833934004 -0.001)
(0 0.1847055754 0.001)
(0.46 0.1847055754 0.001)
(0 0.1847055754 -0.001)
(0.46 0.1847055754 -0.001)
(0 0.1860494914 0.001)
(0.46 0.1860494914 0.001)
(0 0.1860494914 -0.001)
(0.46 0.1860494914 -0.001)
(0 0.1874259162 0.001)
(0.46 0.1874259162 0.001)
(0 0.1874259162 -0.001)
(0.46 0.1874259162 -0.001)
(0 0.188835636 0.001)
(0.46 0.188835636 0.001)
(0 0.188835636 -0.001)
(0.46 0.188835636 -0.001)
(0 0.1902794563 0.001)
(0.46 0.1902794563 0.001)
(0 0.1902794563 -0.001)
(0.46 0.1902794563 -0.001)
(0 0.191758202 0.001)
(0.46 0.191758202 0.001)
(0 0.191758202 -0.001)
(0.46 0.191758202 -0.001)
(0 0.193272718 0.001)
(0.46 0.193272718 0.001)
(0 0.193272718 -0.001)
(0.46 0.193272718 -0.001)
(0 0.1948238694 0.001)
(0.46 0.1948238694 0.001)
(0 0.1948238694 -0.001)
(0.46 0.1948238694 -0.001)
(0 0.1964125424 0.001)
(0.46 0.1964125424 0.001)
(0 0.1964125424 -0.001)
(0.46 0.1964125424 -0.001)
(0 0.1980396448 0.001)
(0.46 0.1980396448 0.001)
(0 0.1980396448 -0.001)
(0.46 0.1980396448 -0.001)
(0 0.1997061061 0.001)
(0.46 0.1997061061 0.001)
(0 0.1997061061 -0.001)
(0.46 0.1997061061 -0.001)
(0 0.2014128783 0.001)
(0.46 0.2014128783 0.001)
(0 0.2014128783 -0.001)
(0.46 0.2014128783 -0.001)
(0 0.2031609366 0.001)
(0.46 0.2031609366 0.001)
(0 0.2031609366 -0.001)
(0.46 0.2031609366 -0.001)
(0 0.2049512797 0.001)
(0.46 0.2049512797 0.001)
(0 0.2049512797 -0.001)
(0.46 0.2049512797 -0.001)
(0 0.2067849303 0.001)
(0.46 0.2067849303 0.001)
(0 0.2067849303 -0.001)
(0.46 0.2067849303 -0.001)
(0 0.2086629362 0.001)
(0.46 0.2086629362 0.001)
(0 0.2086629362 -0.001)
(0.46 0.2086629362 -0.001)
(0 0.2105863702 0.001)
(0.46 0.2105863702 0.001)
(0 0.2105863702 -0.001)
(0.46 0.2105863702 -0.001)
(0 0.2125563313 0.001)
(0.46 0.2125563313 0.001)
(0 0.2125563313 -0.001)
(0.46 0.2125563313 -0.001)
(0 0.2145739448 0.001)
(0.46 0.2145739448 0.001)
(0 0.2145739448 -0.001)
(0.46 0.2145739448 -0.001)
(0 0.2166403635 0.001)
(0.46 0.2166403635 0.001)
(0 0.2166403635 -0.001)
(0.46 0.2166403635 -0.001)
(0 0.218756768 0.001)
(0.46 0.218756768 0.001)
(0 0.218756768 -0.001)
(0.46 0.218756768 -0.001)
(0 0.2209243673 0.001)
(0.46 0.2209243673 0.001)
(0 0.2209243673 -0.001)
(0.46 0.2209243673 -0.001)
(0 0.2231444 0.001)
(0.46 0.2231444 0.001)
(0 0.2231444 -0.001)
(0.46 0.2231444 -0.001)
(0 0.2254181342 0.001)
(0.46 0.2254181342 0.001)
(0 0.2254181342 -0.001)
(0.46 0.2254181342 -0.001)
(0 0.2277468691 0.001)
(0.46 0.2277468691 0.001)
(0 0.2277468691 -0.001)
(0.46 0.2277468691 -0.001)
(0 0.2301319351 0.001)
(0.46 0.2301319351 0.001)
(0 0.2301319351 -0.001)
(0.46 0.2301319351 -0.001)
(0 0.2325746947 0.001)
(0.46 0.2325746947 0.001)
(0 0.2325746947 -0.001)
(0.46 0.2325746947 -0.001)
(0 0.2350765436 0.001)
(0.46 0.2350765436 0.001)
(0 0.2350765436 -0.001)
(0.46 0.2350765436 -0.001)
(0 0.2376389112 0.001)
(0.46 0.2376389112 0.001)
(0 0.2376389112 -0.001)
(0.46 0.2376389112 -0.001)
(0 0.2402632613 0.001)
(0.46 0.2402632613 0.001)
(0 0.2402632613 -0.001)
(0.46 0.2402632613 -0.001)
(0 0.2429510933 0.001)
(0.46 0.2429510933 0.001)
(0 0.2429510933 -0.001)
(0.46 0.2429510933 -0.001)
(0 0.2457039427 0.001)
(0.46 0.2457039427 0.001)
(0 0.2457039427 -0.001)
(0.46 0.2457039427 -0.001)
(0 0.2485233824 0.001)
(0.46 0.2485233824 0.001)
(0 0.2485233824 -0.001)
(0.46 0.2485233824 -0.001)
(0 0.2514110231 0.001)
(0.46 0.2514110231 0.001)
(0 0.2514110231 -0.001)
(0.46 0.2514110231 -0.001)
(0 0.2543685145 0.001)
(0.46 0.2543685145 0.001)
(0 0.2543685145 -0.001)
(0.46 0.2543685145 -0.001)
(0 0.2573975464 0.001)
(0.46 0.2573975464 0.001)
(0 0.2573975464 -0.001)
(0.46 0.2573975464 -0.001)
(0 0.2604998492 0.001)
(0.46 0.2604998492 0.001)
(0 0.2604998492 -0.001)
(0.46 0.2604998492 -0.001)
(0 0.2636771953 0.001)
(0.46 0.2636771953 0.001)
(0 0.2636771953 -0.001)
(0.46 0.2636771953 -0.001)
(0 0.2669314001 0.001)
(0.46 0.2669314001 0.001)
(0 0.2669314001 -0.001)
(0.46 0.2669314001 -0.001)
(0 0.2702643226 0.001)
(0.46 0.2702643226 0.001)
(0 0.2702643226 -0.001)
(0.46 0.2702643226 -0.001)
(0 0.273677867 0.001)
(0.46 0.273677867 0.001)
(0 0.273677867 -0.001)
(0.46 0.273677867 -0.001)
(0 0.2771739836 0.001)
(0.46 0.2771739836 0.001)
(0 0.2771739836 -0.001)
(0.46 0.2771739836 -0.001)
(0 0.2807546698 0.001)
(0.46 0.2807546698 0.001)
(0 0.2807546698 -0.001)
(0.46 0.2807546698 -0.001)
(0 0.2844219711 0.001)
(0.46 0.2844219711 0.001)
(0 0.2844219711 -0.001)
(0.46 0.2844219711 -0.001)
(0 0.2881779829 0.001)
(0.46 0.2881779829 0.001)
(0 0.2881779829 -0.001)
(0.46 0.2881779829 -0.001)
(0 0.2920248509 0.001)
(0.46 0.2920248509 0.001)
(0 0.2920248509 -0.001)
(0.46 0.2920248509 -0.001)
(0 0.2959647729 0.001)
(0.46 0.2959647729 0.001)
(0 0.2959647729 -0.001)
(0.46 0.2959647729 -0.001)
(0 0.3 0.001)
(0.46 0.3 0.001)
(0 0.3 -0.001)
(0.46 0.3 -0.001)
(0 0.304 0.001)
(0.46 0.304 0.001)
(0 0.304 -0.001)
(0.46 0.304 -0.001)
(0 0.308 0.001)
(0.46 0.308 0.001)
(0 0.308 -0.001)
(0.46 0.308 -0.001)
(0 0.312 0.001)
(0.46 0.312 0.001)
(0 0.312 -0.001)
(0.46 0.312 -0.001)
(0 0.316 0.001)
(0.46 0.316 0.001)
(0 0.316 -0.001)
(0.46 0.316 -0.001)
(0 0.32 0.001)
(0.46 0.32 0.001)
(0 0.32 -0.001)
(0.46 0.32 -0.001)
(0 0.324 0.001)
(0.46 0.324 0.001)
(0 0.324 -0.001)
(0.46 0.324 -0.001)
(0 0.328 0.001)
(0.46 0.328 0.001)
(0 0.328 -0.001)
(0.46 0.328 -0.001)
(0 0.332 0.001)
(0.46 0.332 0.001)
(0 0.332 -0.001)
(0.46 0.332 -0.001)
(0 0.336 0.001)
(0.46 0.336 0.001)
(0 0.336 -0.001)
(0.46 0.336 -0.001)
(0 0.34 0.001)
(0.46 0.34 0.001)
(0 0.34 -0.001)
(0.46 0.34 -0.001)
(0 0.344 0.001)
(0.46 0.344 0.001)
(0 0.344 -0.001)
(0.46 0.344 -0.001)
(0 0.348 0.001)
(0.46 0.348 0.001)
(0 0.348 -0.001)
(0.46 0.348 -0.001)
(0 0.352 0.001)
(0.46 0.352 0.001)
(0 0.352 -0.001)
(0.46 0.352 -0.001)
(0 0.356 0.001)
(0.46 0.356 0.001)
(0 0.356 -0.001)
(0.46 0.356 -0.001)
(0 0.36 0.001)
(0.46 0.36 0.001)
(0 0.36 -0.001)
(0.46 0.36 -0.001)
(0 0.364 0.001)
(0.46 0.364 0.001)
(0 0.364 -0.001)
(0.46 0.364 -0.001)
(0 0.368 0.001)
(0.46 0.368 0.001)
(0 0.368 -0.001)
(0.46 0.368 -0.001)
(0 0.372 0.001)
(0.46 0.372 0.001)
(0 0.372 -0.001)
(0.46 0.372 -0.001)
(0 0.376 0.001)
(0.46 0.376 0.001)
(0 0.376 -0.001)
(0.46 0.376 -0.001)
(0 0.38 0.001)
(0.46 0.38 0.001)
(0 0.38 -0.001)
(0.46 0.38 -0.001)
(0 0.384 0.001)
(0.46 0.384 0.001)
(0 0.384 -0.001)
(0.46 0.384 -0.001)
(0 0.388 0.001)
(0.46 0.388 0.001)
(0 0.388 -0.001)
(0.46 0.388 -0.001)
(0 0.392 0.001)
(0.46 0.392 0.001)
(0 0.392 -0.001)
(0.46 0.392 -0.001)
(0 0.396 0.001)
(0.46 0.396 0.001)
(0 0.396 -0.001)
(0.46 0.396 -0.001)
(0 0.4 0.001)
(0.46 0.4 0.001)
(0 0.4 -0.001)
(0.46 0.4 -0.001)
(0 0.404 0.001)
(0.46 0.404 0.001)
(0 0.404 -0.001)
(0.46 0.404 -0.001)
(0 0.408 0.001)
(0.46 0.408 0.001)
(0 0.408 -0.001)
(0.46 0.408 -0.001)
(0 0.412 0.001)
(0.46 0.412 0.001)
(0 0.412 -0.001)
(0.46 0.412 -0.001)
(0 0.416 0.001)
(0.46 0.416 0.001)
(0 0.416 -0.001)
(0.46 0.416 -0.001)
(0 0.42 0.001)
(0.46 0.42 0.001)
(0 0.42 -0.001)
(0.46 0.42 -0.001)
(0 0.424 0.001)
(0.46 0.424 0.001)
(0 0.424 -0.001)
(0.46 0.424 -0.001)
(0 0.428 0.001)
(0.46 0.428 0.001)
(0 0.428 -0.001)
(0.46 0.428 -0.001)
(0 0.432 0.001)
(0.46 0.432 0.001)
(0 0.432 -0.001)
(0.46 0.432 -0.001)
(0 0.436 0.001)
(0.46 0.436 0.001)
(0 0.436 -0.001)
(0.46 0.436 -0.001)
(0 0.44 0.001)
(0.46 0.44 0.001)
(0 0.44 -0.001)
(0.46 0.44 -0.001)
(0 0.444 0.001)
(0.46 0.444 0.001)
(0 0.444 -0.001)
(0.46 0.444 -0.001)
(0 0.448 0.001)
(0.46 0.448 0.001)
(0 0.448 -0.001)
(0.46 0.448 -0.001)
(0 0.452 0.001)
(0.46 0.452 0.001)
(0 0.452 -0.001)
(0.46 0.452 -0.001)
(0 0.456 0.001)
(0.46 0.456 0.001)
(0 0.456 -0.001)
(0.46 0.456 -0.001)
(0 0.46 0.001)
(0.46 0.46 0.001)
(0 0.46 -0.001)
(0.46 0.46 -0.001)
(0 0.464 0.001)
(0.46 0.464 0.001)
(0 0.464 -0.001)
(0.46 0.464 -0.001)
(0 0.468 0.001)
(0.46 0.468 0.001)
(0 0.468 -0.001)
(0.46 0.468 -0.001)
(0 0.472 0.001)
(0.46 0.472 0.001)
(0 0.472 -0.001)
(0.46 0.472 -0.001)
(0 0.476 0.001)
(0.46 0.476 0.001)
(0 0.476 -0.001)
(0.46 0.476 -0.001)
(0 0.48 0.001)
(0.46 0.48 0.001)
(0 0.48 -0.001)
(0.46 0.48 -0.001)
(0 0.484 0.001)
(0.46 0.484 0.001)
(0 0.484 -0.001)
(0.46 0.484 -0.001)
(0 0.488 0.001)
(0.46 0.488 0.001)
(0 0.488 -0.001)
(0.46 0.488 -0.001)
(0 0.492 0.001)
(0.46 0.492 0.001)
(0 0.492 -0.001)
(0.46 0.492 -0.001)
(0 0.496 0.001)
(0.46 0.496 0.001)
(0 0.496 -0.001)
(0.46 0.496 -0.001)
(0 0.5 0.001)
(0.46 0.5 0.001)
(0 0.5 -0.001)
(0.46 0.5 -0.001)
)


// ************************************************************************* //
