/*--------------------------------*- C++ -*----------------------------------*\
| =========                 |                                                 |
| \\      /  F ield         | OpenFOAM: The Open Source CFD Toolbox           |
|  \\    /   O peration     | Version:  2.4.0                                 |
|   \\  /    A nd           | Web:      www.OpenFOAM.org                      |
|    \\/     M anipulation  |                                                 |
\*---------------------------------------------------------------------------*/
FoamFile
{
    version     2.0;
    format      ascii;
    class       volScalarField;
    location    "0";
    object      ccz;
}
// * * * * * * * * * * * * * * * * * * * * * * * * * * * * * * * * * * * * * //

dimensions      [0 1 0 0 0 0 0];

internalField   nonuniform List<scalar> 
438
(
0
0
0
-1.87314e-20
0
0
0
-1.87314e-20
3.89687e-20
0
3.89687e-20
0
3.89687e-20
0
0
0
0
0
0
0
0
-5.77002e-20
0
0
0
-5.77002e-20
0
0
0
-5.77002e-20
0
0
0
0
0
3.89687e-20
0
0
0
0
0
0
5.77002e-20
0
0
0
0
0
0
0
5.77002e-20
0
0
0
0
0
0
0
1.87314e-20
0
0
0
0
0
0
0
0
0
0
0
0
0
0
0
0
0
0
0
0
0
0
0
0
0
0
0
0
0
0
0
0
0
0
0
0
0
0
0
0
0
0
0
0
0
0
0
0
0
0
0
0
0
0
0
0
0
0
0
0
0
0
0
0
0
0
0
0
0
0
0
0
0
0
0
0
0
0
0
0
0
0
0
0
0
0
0
0
0
0
0
0
0
0
0
0
0
0
0
0
0
0
0
0
0
0
0
0
0
0
0
0
5.77002e-20
0
0
0
0
0
0
0
0
0
0
0
0
0
0
0
0
0
0
0
0
0
0
0
0
0
0
0
0
0
0
0
0
0
0
0
0
0
0
0
0
0
0
0
0
0
0
0
0
0
0
0
0
0
0
0
0
0
0
0
0
0
0
5.77002e-20
0
0
0
0
0
0
0
0
0
0
0
0
0
0
0
0
0
0
0
0
0
0
0
0
0
0
0
0
0
0
0
0
0
0
0
0
0
0
0
0
0
0
0
0
0
0
0
0
0
0
0
0
0
0
0
0
0
0
0
0
0
0
0
0
0
0
5.5894e-20
0
0
-3.52557e-20
0
0
0
-3.21784e-20
-4.64281e-20
0
0
-4.33197e-20
0
-2.80805e-20
0
0
0
0
0
0
0
-4.54049e-20
0
-6.42808e-20
-2.04308e-20
0
1.94771e-20
0
0
0
0
0
0
0
3.21745e-20
0
0
-6.14022e-20
0
0
-4.33197e-20
0
0
0
0
0
0
0
0
0
-4.54049e-20
0
0
4.23674e-20
0
0
-1.17114e-19
0
1.81294e-20
3.69082e-20
-3.60721e-20
0
0
0
0
0
0
0
0
0
0
0
0
0
0
0
0
0
0
-6.73545e-20
0
0
0
0
0
3.954e-20
0
0
0
0
0
0
0
0
0
0
0
0
0
0
0
0
0
0
0
0
0
0
0
0
0
0
0
0
0
0
0
0
0
0
0
0
0
0
0
0
0
0
0
0
0
0
0
0
0
0
0
)
;

boundaryField
{
    inlet
    {
        type            cyclic;
    }
    outlet
    {
        type            cyclic;
    }
    top
    {
        type            symmetryPlane;
    }
    bottom
    {
        type            calculated;
        value           uniform 0;
    }
    frontAndBackPlanes
    {
        type            empty;
    }
}


// ************************************************************************* //
